p sp 100 5500
c
a 1 2 527
a 2 1 527
a 1 3 584
a 3 1 584
a 1 4 824
a 4 1 824
a 1 6 200
a 6 1 200
a 1 7 835
a 7 1 835
a 1 8 937
a 8 1 937
a 1 10 964
a 10 1 964
a 1 11 817
a 11 1 817
a 1 16 369
a 16 1 369
a 1 17 853
a 17 1 853
a 1 19 433
a 19 1 433
a 1 20 386
a 20 1 386
a 1 22 257
a 22 1 257
a 1 24 955
a 24 1 955
a 1 27 282
a 27 1 282
a 1 28 745
a 28 1 745
a 1 30 229
a 30 1 229
a 1 31 785
a 31 1 785
a 1 36 320
a 36 1 320
a 1 37 724
a 37 1 724
a 1 38 717
a 38 1 717
a 1 39 331
a 39 1 331
a 1 40 769
a 40 1 769
a 1 41 740
a 41 1 740
a 1 42 774
a 42 1 774
a 1 43 314
a 43 1 314
a 1 44 260
a 44 1 260
a 1 49 250
a 49 1 250
a 1 52 953
a 52 1 953
a 1 54 895
a 54 1 895
a 1 56 245
a 56 1 245
a 1 57 184
a 57 1 184
a 1 62 152
a 62 1 152
a 1 63 633
a 63 1 633
a 1 66 351
a 66 1 351
a 1 68 998
a 68 1 998
a 1 72 356
a 72 1 356
a 1 77 735
a 77 1 735
a 1 80 514
a 80 1 514
a 1 81 693
a 81 1 693
a 1 82 613
a 82 1 613
a 1 83 365
a 83 1 365
a 1 84 666
a 84 1 666
a 1 87 703
a 87 1 703
a 1 89 778
a 89 1 778
a 1 90 206
a 90 1 206
a 1 91 215
a 91 1 215
a 1 92 987
a 92 1 987
a 1 98 498
a 98 1 498
a 1 99 757
a 99 1 757
a 1 100 855
a 100 1 855
a 2 4 939
a 4 2 939
a 2 7 831
a 7 2 831
a 2 9 513
a 9 2 513
a 2 11 316
a 11 2 316
a 2 15 149
a 15 2 149
a 2 16 783
a 16 2 783
a 2 17 304
a 17 2 304
a 2 18 336
a 18 2 336
a 2 22 916
a 22 2 916
a 2 23 182
a 23 2 182
a 2 25 158
a 25 2 158
a 2 27 730
a 27 2 730
a 2 28 411
a 28 2 411
a 2 31 401
a 31 2 401
a 2 35 647
a 35 2 647
a 2 39 166
a 39 2 166
a 2 40 870
a 40 2 870
a 2 41 329
a 41 2 329
a 2 43 998
a 43 2 998
a 2 47 984
a 47 2 984
a 2 48 624
a 48 2 624
a 2 50 124
a 50 2 124
a 2 52 898
a 52 2 898
a 2 53 758
a 53 2 758
a 2 55 523
a 55 2 523
a 2 57 710
a 57 2 710
a 2 58 368
a 58 2 368
a 2 61 523
a 61 2 523
a 2 63 836
a 63 2 836
a 2 65 994
a 65 2 994
a 2 66 958
a 66 2 958
a 2 69 866
a 69 2 866
a 2 72 712
a 72 2 712
a 2 75 240
a 75 2 240
a 2 79 185
a 79 2 185
a 2 80 432
a 80 2 432
a 2 83 454
a 83 2 454
a 2 85 616
a 85 2 616
a 2 86 384
a 86 2 384
a 2 87 584
a 87 2 584
a 2 88 307
a 88 2 307
a 2 90 657
a 90 2 657
a 2 91 716
a 91 2 716
a 2 92 543
a 92 2 543
a 2 93 853
a 93 2 853
a 2 94 268
a 94 2 268
a 2 95 765
a 95 2 765
a 2 97 597
a 97 2 597
a 2 98 771
a 98 2 771
a 2 100 921
a 100 2 921
a 3 4 236
a 4 3 236
a 3 6 333
a 6 3 333
a 3 7 796
a 7 3 796
a 3 8 980
a 8 3 980
a 3 9 527
a 9 3 527
a 3 10 278
a 10 3 278
a 3 13 515
a 13 3 515
a 3 14 995
a 14 3 995
a 3 15 802
a 15 3 802
a 3 16 823
a 16 3 823
a 3 17 383
a 17 3 383
a 3 18 657
a 18 3 657
a 3 19 354
a 19 3 354
a 3 22 616
a 22 3 616
a 3 23 481
a 23 3 481
a 3 29 394
a 29 3 394
a 3 34 462
a 34 3 462
a 3 36 718
a 36 3 718
a 3 41 581
a 41 3 581
a 3 43 851
a 43 3 851
a 3 46 303
a 46 3 303
a 3 47 722
a 47 3 722
a 3 49 722
a 49 3 722
a 3 50 865
a 50 3 865
a 3 51 282
a 51 3 282
a 3 53 674
a 53 3 674
a 3 55 884
a 55 3 884
a 3 56 474
a 56 3 474
a 3 58 765
a 58 3 765
a 3 60 529
a 60 3 529
a 3 61 199
a 61 3 199
a 3 62 535
a 62 3 535
a 3 64 428
a 64 3 428
a 3 66 224
a 66 3 224
a 3 67 301
a 67 3 301
a 3 69 309
a 69 3 309
a 3 70 940
a 70 3 940
a 3 72 822
a 72 3 822
a 3 73 963
a 73 3 963
a 3 75 196
a 75 3 196
a 3 76 430
a 76 3 430
a 3 78 643
a 78 3 643
a 3 79 680
a 79 3 680
a 3 81 238
a 81 3 238
a 3 82 524
a 82 3 524
a 3 84 303
a 84 3 303
a 3 89 903
a 89 3 903
a 3 91 404
a 91 3 404
a 3 93 515
a 93 3 515
a 3 94 353
a 94 3 353
a 3 95 648
a 95 3 648
a 3 98 129
a 98 3 129
a 4 5 107
a 5 4 107
a 4 6 133
a 6 4 133
a 4 9 829
a 9 4 829
a 4 10 188
a 10 4 188
a 4 15 434
a 15 4 434
a 4 16 218
a 16 4 218
a 4 19 397
a 19 4 397
a 4 20 704
a 20 4 704
a 4 23 992
a 23 4 992
a 4 25 956
a 25 4 956
a 4 29 310
a 29 4 310
a 4 31 579
a 31 4 579
a 4 32 278
a 32 4 278
a 4 33 781
a 33 4 781
a 4 35 297
a 35 4 297
a 4 37 303
a 37 4 303
a 4 38 436
a 38 4 436
a 4 39 878
a 39 4 878
a 4 42 644
a 42 4 644
a 4 43 922
a 43 4 922
a 4 44 764
a 44 4 764
a 4 45 456
a 45 4 456
a 4 47 407
a 47 4 407
a 4 48 975
a 48 4 975
a 4 50 634
a 50 4 634
a 4 51 477
a 51 4 477
a 4 54 680
a 54 4 680
a 4 57 190
a 57 4 190
a 4 60 591
a 60 4 591
a 4 61 467
a 61 4 467
a 4 63 398
a 63 4 398
a 4 64 775
a 64 4 775
a 4 65 371
a 65 4 371
a 4 66 953
a 66 4 953
a 4 68 741
a 68 4 741
a 4 71 953
a 71 4 953
a 4 73 966
a 73 4 966
a 4 77 828
a 77 4 828
a 4 78 980
a 78 4 980
a 4 79 169
a 79 4 169
a 4 82 942
a 82 4 942
a 4 83 185
a 83 4 185
a 4 84 826
a 84 4 826
a 4 85 835
a 85 4 835
a 4 86 231
a 86 4 231
a 4 87 800
a 87 4 800
a 4 88 831
a 88 4 831
a 4 90 577
a 90 4 577
a 4 93 949
a 93 4 949
a 4 95 517
a 95 4 517
a 4 98 266
a 98 4 266
a 4 99 535
a 99 4 535
a 4 100 926
a 100 4 926
a 5 7 406
a 7 5 406
a 5 10 474
a 10 5 474
a 5 15 482
a 15 5 482
a 5 16 530
a 16 5 530
a 5 19 485
a 19 5 485
a 5 21 688
a 21 5 688
a 5 22 121
a 22 5 121
a 5 26 695
a 26 5 695
a 5 28 504
a 28 5 504
a 5 33 250
a 33 5 250
a 5 34 636
a 34 5 636
a 5 35 703
a 35 5 703
a 5 38 548
a 38 5 548
a 5 39 357
a 39 5 357
a 5 40 669
a 40 5 669
a 5 41 523
a 41 5 523
a 5 42 586
a 42 5 586
a 5 43 321
a 43 5 321
a 5 49 890
a 49 5 890
a 5 50 687
a 50 5 687
a 5 51 730
a 51 5 730
a 5 53 601
a 53 5 601
a 5 54 526
a 54 5 526
a 5 56 975
a 56 5 975
a 5 59 602
a 59 5 602
a 5 61 411
a 61 5 411
a 5 63 893
a 63 5 893
a 5 66 644
a 66 5 644
a 5 67 229
a 67 5 229
a 5 68 623
a 68 5 623
a 5 69 255
a 69 5 255
a 5 70 113
a 70 5 113
a 5 72 295
a 72 5 295
a 5 73 996
a 73 5 996
a 5 75 395
a 75 5 395
a 5 76 245
a 76 5 245
a 5 78 948
a 78 5 948
a 5 80 616
a 80 5 616
a 5 81 612
a 81 5 612
a 5 82 902
a 82 5 902
a 5 83 160
a 83 5 160
a 5 84 275
a 84 5 275
a 5 85 547
a 85 5 547
a 5 87 226
a 87 5 226
a 5 90 601
a 90 5 601
a 5 91 250
a 91 5 250
a 5 92 130
a 92 5 130
a 5 93 885
a 93 5 885
a 5 94 984
a 94 5 984
a 5 96 978
a 96 5 978
a 5 97 602
a 97 5 602
a 5 98 548
a 98 5 548
a 5 99 470
a 99 5 470
a 6 11 264
a 11 6 264
a 6 12 887
a 12 6 887
a 6 13 643
a 13 6 643
a 6 15 334
a 15 6 334
a 6 17 382
a 17 6 382
a 6 20 731
a 20 6 731
a 6 22 993
a 22 6 993
a 6 24 179
a 24 6 179
a 6 27 625
a 27 6 625
a 6 29 365
a 29 6 365
a 6 32 890
a 32 6 890
a 6 34 739
a 34 6 739
a 6 36 223
a 36 6 223
a 6 39 325
a 39 6 325
a 6 43 387
a 43 6 387
a 6 44 748
a 44 6 748
a 6 46 798
a 46 6 798
a 6 47 875
a 47 6 875
a 6 48 445
a 48 6 445
a 6 50 726
a 50 6 726
a 6 52 707
a 52 6 707
a 6 55 226
a 55 6 226
a 6 56 665
a 56 6 665
a 6 57 163
a 57 6 163
a 6 58 681
a 58 6 681
a 6 61 309
a 61 6 309
a 6 62 441
a 62 6 441
a 6 63 501
a 63 6 501
a 6 64 995
a 64 6 995
a 6 66 198
a 66 6 198
a 6 71 471
a 71 6 471
a 6 72 224
a 72 6 224
a 6 76 310
a 76 6 310
a 6 80 580
a 80 6 580
a 6 81 500
a 81 6 500
a 6 83 490
a 83 6 490
a 6 85 408
a 85 6 408
a 6 86 769
a 86 6 769
a 6 88 178
a 88 6 178
a 6 89 611
a 89 6 611
a 6 90 509
a 90 6 509
a 6 91 617
a 91 6 617
a 6 93 271
a 93 6 271
a 6 95 213
a 95 6 213
a 6 96 205
a 96 6 205
a 6 97 428
a 97 6 428
a 6 99 829
a 99 6 829
a 6 100 679
a 100 6 679
a 7 8 862
a 8 7 862
a 7 10 974
a 10 7 974
a 7 11 666
a 11 7 666
a 7 14 870
a 14 7 870
a 7 15 893
a 15 7 893
a 7 16 902
a 16 7 902
a 7 19 166
a 19 7 166
a 7 20 560
a 20 7 560
a 7 21 529
a 21 7 529
a 7 22 519
a 22 7 519
a 7 27 946
a 27 7 946
a 7 30 834
a 30 7 834
a 7 31 207
a 31 7 207
a 7 32 691
a 32 7 691
a 7 35 594
a 35 7 594
a 7 37 945
a 37 7 945
a 7 40 732
a 40 7 732
a 7 43 563
a 43 7 563
a 7 44 172
a 44 7 172
a 7 45 108
a 45 7 108
a 7 46 859
a 46 7 859
a 7 47 176
a 47 7 176
a 7 49 171
a 49 7 171
a 7 50 821
a 50 7 821
a 7 51 290
a 51 7 290
a 7 52 331
a 52 7 331
a 7 53 101
a 53 7 101
a 7 54 185
a 54 7 185
a 7 55 107
a 55 7 107
a 7 58 207
a 58 7 207
a 7 59 303
a 59 7 303
a 7 62 899
a 62 7 899
a 7 63 598
a 63 7 598
a 7 64 186
a 64 7 186
a 7 65 404
a 65 7 404
a 7 66 580
a 66 7 580
a 7 69 808
a 69 7 808
a 7 70 606
a 70 7 606
a 7 71 528
a 71 7 528
a 7 72 319
a 72 7 319
a 7 75 749
a 75 7 749
a 7 76 478
a 76 7 478
a 7 81 595
a 81 7 595
a 7 82 819
a 82 7 819
a 7 86 796
a 86 7 796
a 7 87 228
a 87 7 228
a 7 90 164
a 90 7 164
a 7 92 287
a 92 7 287
a 7 93 978
a 93 7 978
a 7 94 185
a 94 7 185
a 7 95 946
a 95 7 946
a 7 98 450
a 98 7 450
a 7 99 240
a 99 7 240
a 8 11 626
a 11 8 626
a 8 12 177
a 12 8 177
a 8 13 641
a 13 8 641
a 8 14 163
a 14 8 163
a 8 15 167
a 15 8 167
a 8 16 537
a 16 8 537
a 8 17 847
a 17 8 847
a 8 19 293
a 19 8 293
a 8 20 470
a 20 8 470
a 8 28 165
a 28 8 165
a 8 30 254
a 30 8 254
a 8 31 908
a 31 8 908
a 8 32 254
a 32 8 254
a 8 34 401
a 34 8 401
a 8 36 387
a 36 8 387
a 8 38 352
a 38 8 352
a 8 40 338
a 40 8 338
a 8 49 317
a 49 8 317
a 8 50 220
a 50 8 220
a 8 51 999
a 51 8 999
a 8 52 430
a 52 8 430
a 8 53 924
a 53 8 924
a 8 54 423
a 54 8 423
a 8 56 993
a 56 8 993
a 8 57 410
a 57 8 410
a 8 58 535
a 58 8 535
a 8 61 498
a 61 8 498
a 8 63 172
a 63 8 172
a 8 64 954
a 64 8 954
a 8 66 722
a 66 8 722
a 8 68 807
a 68 8 807
a 8 69 151
a 69 8 151
a 8 71 653
a 71 8 653
a 8 72 732
a 72 8 732
a 8 73 814
a 73 8 814
a 8 74 817
a 74 8 817
a 8 76 801
a 76 8 801
a 8 78 529
a 78 8 529
a 8 79 152
a 79 8 152
a 8 82 526
a 82 8 526
a 8 83 950
a 83 8 950
a 8 84 188
a 84 8 188
a 8 90 591
a 90 8 591
a 8 96 339
a 96 8 339
a 8 100 944
a 100 8 944
a 9 10 732
a 10 9 732
a 9 11 115
a 11 9 115
a 9 12 470
a 12 9 470
a 9 14 358
a 14 9 358
a 9 16 899
a 16 9 899
a 9 22 1000
a 22 9 1000
a 9 23 669
a 23 9 669
a 9 27 720
a 27 9 720
a 9 28 406
a 28 9 406
a 9 30 269
a 30 9 269
a 9 31 860
a 31 9 860
a 9 35 604
a 35 9 604
a 9 36 384
a 36 9 384
a 9 38 623
a 38 9 623
a 9 40 526
a 40 9 526
a 9 41 878
a 41 9 878
a 9 42 272
a 42 9 272
a 9 45 110
a 45 9 110
a 9 47 497
a 47 9 497
a 9 50 658
a 50 9 658
a 9 51 439
a 51 9 439
a 9 56 197
a 56 9 197
a 9 57 872
a 57 9 872
a 9 60 873
a 60 9 873
a 9 68 818
a 68 9 818
a 9 69 213
a 69 9 213
a 9 72 255
a 72 9 255
a 9 73 790
a 73 9 790
a 9 77 144
a 77 9 144
a 9 81 941
a 81 9 941
a 9 82 187
a 82 9 187
a 9 83 234
a 83 9 234
a 9 85 841
a 85 9 841
a 9 86 567
a 86 9 567
a 9 88 683
a 88 9 683
a 9 90 895
a 90 9 895
a 9 91 672
a 91 9 672
a 9 94 577
a 94 9 577
a 9 95 634
a 95 9 634
a 9 96 707
a 96 9 707
a 9 97 516
a 97 9 516
a 9 98 468
a 98 9 468
a 10 11 509
a 11 10 509
a 10 21 441
a 21 10 441
a 10 24 327
a 24 10 327
a 10 25 115
a 25 10 115
a 10 26 877
a 26 10 877
a 10 29 916
a 29 10 916
a 10 30 367
a 30 10 367
a 10 31 110
a 31 10 110
a 10 32 376
a 32 10 376
a 10 34 576
a 34 10 576
a 10 35 362
a 35 10 362
a 10 37 932
a 37 10 932
a 10 38 179
a 38 10 179
a 10 39 519
a 39 10 519
a 10 40 882
a 40 10 882
a 10 42 841
a 42 10 841
a 10 44 230
a 44 10 230
a 10 45 235
a 45 10 235
a 10 46 300
a 46 10 300
a 10 47 941
a 47 10 941
a 10 48 374
a 48 10 374
a 10 49 639
a 49 10 639
a 10 52 624
a 52 10 624
a 10 53 794
a 53 10 794
a 10 55 113
a 55 10 113
a 10 57 100
a 57 10 100
a 10 58 326
a 58 10 326
a 10 59 151
a 59 10 151
a 10 61 601
a 61 10 601
a 10 62 799
a 62 10 799
a 10 64 319
a 64 10 319
a 10 65 805
a 65 10 805
a 10 67 291
a 67 10 291
a 10 68 891
a 68 10 891
a 10 70 728
a 70 10 728
a 10 71 916
a 71 10 916
a 10 73 628
a 73 10 628
a 10 74 160
a 74 10 160
a 10 76 257
a 76 10 257
a 10 77 145
a 77 10 145
a 10 78 368
a 78 10 368
a 10 79 980
a 79 10 980
a 10 81 455
a 81 10 455
a 10 82 880
a 82 10 880
a 10 83 116
a 83 10 116
a 10 84 869
a 84 10 869
a 10 85 803
a 85 10 803
a 10 87 142
a 87 10 142
a 10 88 228
a 88 10 228
a 10 89 218
a 89 10 218
a 10 90 783
a 90 10 783
a 10 91 414
a 91 10 414
a 10 92 801
a 92 10 801
a 10 94 678
a 94 10 678
a 10 96 770
a 96 10 770
a 10 97 584
a 97 10 584
a 10 98 132
a 98 10 132
a 10 99 560
a 99 10 560
a 10 100 240
a 100 10 240
a 11 14 356
a 14 11 356
a 11 17 683
a 17 11 683
a 11 19 554
a 19 11 554
a 11 20 365
a 20 11 365
a 11 22 430
a 22 11 430
a 11 23 188
a 23 11 188
a 11 24 387
a 24 11 387
a 11 25 264
a 25 11 264
a 11 29 994
a 29 11 994
a 11 31 603
a 31 11 603
a 11 33 552
a 33 11 552
a 11 35 616
a 35 11 616
a 11 36 732
a 36 11 732
a 11 37 563
a 37 11 563
a 11 40 546
a 40 11 546
a 11 42 121
a 42 11 121
a 11 43 416
a 43 11 416
a 11 44 483
a 44 11 483
a 11 45 395
a 45 11 395
a 11 47 981
a 47 11 981
a 11 49 117
a 49 11 117
a 11 50 764
a 50 11 764
a 11 55 982
a 55 11 982
a 11 56 409
a 56 11 409
a 11 57 310
a 57 11 310
a 11 60 128
a 60 11 128
a 11 64 137
a 64 11 137
a 11 65 731
a 65 11 731
a 11 66 381
a 66 11 381
a 11 73 804
a 73 11 804
a 11 74 578
a 74 11 578
a 11 75 134
a 75 11 134
a 11 77 368
a 77 11 368
a 11 78 455
a 78 11 455
a 11 79 667
a 79 11 667
a 11 80 694
a 80 11 694
a 11 81 899
a 81 11 899
a 11 83 432
a 83 11 432
a 11 84 678
a 84 11 678
a 11 89 681
a 89 11 681
a 11 90 289
a 90 11 289
a 11 92 364
a 92 11 364
a 11 93 792
a 93 11 792
a 11 95 951
a 95 11 951
a 11 96 230
a 96 11 230
a 11 97 864
a 97 11 864
a 12 15 852
a 15 12 852
a 12 16 891
a 16 12 891
a 12 19 590
a 19 12 590
a 12 21 443
a 21 12 443
a 12 23 845
a 23 12 845
a 12 26 405
a 26 12 405
a 12 27 611
a 27 12 611
a 12 31 530
a 31 12 530
a 12 34 481
a 34 12 481
a 12 36 157
a 36 12 157
a 12 39 733
a 39 12 733
a 12 40 668
a 40 12 668
a 12 41 735
a 41 12 735
a 12 42 631
a 42 12 631
a 12 43 833
a 43 12 833
a 12 49 134
a 49 12 134
a 12 51 990
a 51 12 990
a 12 52 790
a 52 12 790
a 12 54 791
a 54 12 791
a 12 55 458
a 55 12 458
a 12 58 773
a 58 12 773
a 12 61 912
a 61 12 912
a 12 62 246
a 62 12 246
a 12 63 598
a 63 12 598
a 12 64 1000
a 64 12 1000
a 12 65 428
a 65 12 428
a 12 68 346
a 68 12 346
a 12 69 150
a 69 12 150
a 12 71 883
a 71 12 883
a 12 73 981
a 73 12 981
a 12 74 538
a 74 12 538
a 12 77 976
a 77 12 976
a 12 79 234
a 79 12 234
a 12 80 825
a 80 12 825
a 12 84 352
a 84 12 352
a 12 85 491
a 85 12 491
a 12 86 954
a 86 12 954
a 12 87 845
a 87 12 845
a 12 88 300
a 88 12 300
a 12 89 715
a 89 12 715
a 12 90 566
a 90 12 566
a 12 91 854
a 91 12 854
a 12 92 236
a 92 12 236
a 12 96 169
a 96 12 169
a 12 97 362
a 97 12 362
a 12 98 235
a 98 12 235
a 12 99 655
a 99 12 655
a 13 16 231
a 16 13 231
a 13 17 934
a 17 13 934
a 13 19 642
a 19 13 642
a 13 20 178
a 20 13 178
a 13 21 869
a 21 13 869
a 13 22 556
a 22 13 556
a 13 24 595
a 24 13 595
a 13 26 992
a 26 13 992
a 13 27 715
a 27 13 715
a 13 28 272
a 28 13 272
a 13 29 969
a 29 13 969
a 13 31 700
a 31 13 700
a 13 32 149
a 32 13 149
a 13 37 194
a 37 13 194
a 13 40 369
a 40 13 369
a 13 41 373
a 41 13 373
a 13 43 995
a 43 13 995
a 13 51 215
a 51 13 215
a 13 55 942
a 55 13 942
a 13 56 989
a 56 13 989
a 13 59 114
a 59 13 114
a 13 60 281
a 60 13 281
a 13 61 315
a 61 13 315
a 13 63 864
a 63 13 864
a 13 64 643
a 64 13 643
a 13 66 511
a 66 13 511
a 13 69 875
a 69 13 875
a 13 70 846
a 70 13 846
a 13 72 957
a 72 13 957
a 13 73 917
a 73 13 917
a 13 77 144
a 77 13 144
a 13 80 974
a 80 13 974
a 13 81 551
a 81 13 551
a 13 82 746
a 82 13 746
a 13 83 967
a 83 13 967
a 13 84 945
a 84 13 945
a 13 87 873
a 87 13 873
a 13 88 623
a 88 13 623
a 13 91 275
a 91 13 275
a 13 94 659
a 94 13 659
a 13 97 699
a 97 13 699
a 13 99 449
a 99 13 449
a 14 19 275
a 19 14 275
a 14 21 385
a 21 14 385
a 14 25 323
a 25 14 323
a 14 28 447
a 28 14 447
a 14 30 677
a 30 14 677
a 14 31 174
a 31 14 174
a 14 32 492
a 32 14 492
a 14 36 466
a 36 14 466
a 14 40 915
a 40 14 915
a 14 41 951
a 41 14 951
a 14 42 644
a 42 14 644
a 14 43 790
a 43 14 790
a 14 47 147
a 47 14 147
a 14 48 574
a 48 14 574
a 14 52 299
a 52 14 299
a 14 53 510
a 53 14 510
a 14 54 212
a 54 14 212
a 14 55 704
a 55 14 704
a 14 57 777
a 57 14 777
a 14 58 607
a 58 14 607
a 14 59 743
a 59 14 743
a 14 60 143
a 60 14 143
a 14 61 615
a 61 14 615
a 14 66 897
a 66 14 897
a 14 68 979
a 68 14 979
a 14 70 742
a 70 14 742
a 14 71 424
a 71 14 424
a 14 74 596
a 74 14 596
a 14 77 964
a 77 14 964
a 14 78 758
a 78 14 758
a 14 81 917
a 81 14 917
a 14 83 470
a 83 14 470
a 14 84 637
a 84 14 637
a 14 86 851
a 86 14 851
a 14 87 439
a 87 14 439
a 14 88 184
a 88 14 184
a 14 89 385
a 89 14 385
a 14 91 602
a 91 14 602
a 14 92 910
a 92 14 910
a 14 93 234
a 93 14 234
a 14 94 826
a 94 14 826
a 14 98 670
a 98 14 670
a 14 100 773
a 100 14 773
a 15 16 665
a 16 15 665
a 15 19 785
a 19 15 785
a 15 23 804
a 23 15 804
a 15 24 302
a 24 15 302
a 15 28 783
a 28 15 783
a 15 29 675
a 29 15 675
a 15 30 701
a 30 15 701
a 15 31 821
a 31 15 821
a 15 32 312
a 32 15 312
a 15 34 845
a 34 15 845
a 15 35 849
a 35 15 849
a 15 37 235
a 37 15 235
a 15 44 208
a 44 15 208
a 15 45 266
a 45 15 266
a 15 46 941
a 46 15 941
a 15 47 914
a 47 15 914
a 15 49 939
a 49 15 939
a 15 50 527
a 50 15 527
a 15 51 741
a 51 15 741
a 15 53 528
a 53 15 528
a 15 54 247
a 54 15 247
a 15 55 514
a 55 15 514
a 15 57 351
a 57 15 351
a 15 58 409
a 58 15 409
a 15 59 495
a 59 15 495
a 15 63 242
a 63 15 242
a 15 64 191
a 64 15 191
a 15 66 639
a 66 15 639
a 15 71 994
a 71 15 994
a 15 74 649
a 74 15 649
a 15 75 184
a 75 15 184
a 15 76 230
a 76 15 230
a 15 77 604
a 77 15 604
a 15 80 260
a 80 15 260
a 15 81 283
a 81 15 283
a 15 85 347
a 85 15 347
a 15 86 751
a 86 15 751
a 15 87 521
a 87 15 521
a 15 89 347
a 89 15 347
a 15 94 487
a 94 15 487
a 15 95 529
a 95 15 529
a 16 17 262
a 17 16 262
a 16 18 319
a 18 16 319
a 16 19 948
a 19 16 948
a 16 20 440
a 20 16 440
a 16 22 850
a 22 16 850
a 16 25 360
a 25 16 360
a 16 26 624
a 26 16 624
a 16 28 237
a 28 16 237
a 16 29 991
a 29 16 991
a 16 31 574
a 31 16 574
a 16 32 353
a 32 16 353
a 16 34 627
a 34 16 627
a 16 36 949
a 36 16 949
a 16 41 618
a 41 16 618
a 16 42 285
a 42 16 285
a 16 45 531
a 45 16 531
a 16 47 516
a 47 16 516
a 16 48 457
a 48 16 457
a 16 51 346
a 51 16 346
a 16 53 606
a 53 16 606
a 16 54 977
a 54 16 977
a 16 57 138
a 57 16 138
a 16 58 381
a 58 16 381
a 16 60 806
a 60 16 806
a 16 61 567
a 61 16 567
a 16 62 950
a 62 16 950
a 16 63 672
a 63 16 672
a 16 64 339
a 64 16 339
a 16 67 104
a 67 16 104
a 16 68 818
a 68 16 818
a 16 70 155
a 70 16 155
a 16 72 225
a 72 16 225
a 16 74 322
a 74 16 322
a 16 76 535
a 76 16 535
a 16 77 159
a 77 16 159
a 16 78 294
a 78 16 294
a 16 80 285
a 80 16 285
a 16 81 306
a 81 16 306
a 16 86 599
a 86 16 599
a 16 88 244
a 88 16 244
a 16 89 589
a 89 16 589
a 16 90 380
a 90 16 380
a 16 93 436
a 93 16 436
a 16 94 738
a 94 16 738
a 16 95 181
a 95 16 181
a 16 96 624
a 96 16 624
a 16 97 426
a 97 16 426
a 16 99 956
a 99 16 956
a 17 18 625
a 18 17 625
a 17 19 686
a 19 17 686
a 17 21 156
a 21 17 156
a 17 23 816
a 23 17 816
a 17 24 164
a 24 17 164
a 17 25 604
a 25 17 604
a 17 26 885
a 26 17 885
a 17 27 166
a 27 17 166
a 17 29 982
a 29 17 982
a 17 32 324
a 32 17 324
a 17 36 796
a 36 17 796
a 17 38 851
a 38 17 851
a 17 39 967
a 39 17 967
a 17 41 554
a 41 17 554
a 17 45 363
a 45 17 363
a 17 46 440
a 46 17 440
a 17 47 749
a 47 17 749
a 17 50 181
a 50 17 181
a 17 51 137
a 51 17 137
a 17 55 379
a 55 17 379
a 17 57 549
a 57 17 549
a 17 60 136
a 60 17 136
a 17 62 693
a 62 17 693
a 17 63 829
a 63 17 829
a 17 68 988
a 68 17 988
a 17 69 891
a 69 17 891
a 17 70 939
a 70 17 939
a 17 71 462
a 71 17 462
a 17 72 418
a 72 17 418
a 17 73 136
a 73 17 136
a 17 77 101
a 77 17 101
a 17 78 213
a 78 17 213
a 17 79 953
a 79 17 953
a 17 80 360
a 80 17 360
a 17 82 305
a 82 17 305
a 17 83 511
a 83 17 511
a 17 84 912
a 84 17 912
a 17 88 935
a 88 17 935
a 17 89 493
a 89 17 493
a 17 91 511
a 91 17 511
a 17 94 159
a 94 17 159
a 17 95 916
a 95 17 916
a 17 100 743
a 100 17 743
a 18 19 629
a 19 18 629
a 18 20 286
a 20 18 286
a 18 23 945
a 23 18 945
a 18 24 130
a 24 18 130
a 18 25 881
a 25 18 881
a 18 26 381
a 26 18 381
a 18 28 813
a 28 18 813
a 18 30 360
a 30 18 360
a 18 31 380
a 31 18 380
a 18 38 310
a 38 18 310
a 18 41 105
a 41 18 105
a 18 42 370
a 42 18 370
a 18 43 704
a 43 18 704
a 18 45 139
a 45 18 139
a 18 49 796
a 49 18 796
a 18 50 937
a 50 18 937
a 18 51 388
a 51 18 388
a 18 52 589
a 52 18 589
a 18 54 370
a 54 18 370
a 18 55 570
a 55 18 570
a 18 62 136
a 62 18 136
a 18 63 493
a 63 18 493
a 18 65 942
a 65 18 942
a 18 67 512
a 67 18 512
a 18 68 498
a 68 18 498
a 18 69 485
a 69 18 485
a 18 70 639
a 70 18 639
a 18 71 819
a 71 18 819
a 18 72 103
a 72 18 103
a 18 73 915
a 73 18 915
a 18 74 312
a 74 18 312
a 18 75 608
a 75 18 608
a 18 77 323
a 77 18 323
a 18 78 138
a 78 18 138
a 18 80 230
a 80 18 230
a 18 82 972
a 82 18 972
a 18 83 920
a 83 18 920
a 18 84 306
a 84 18 306
a 18 87 232
a 87 18 232
a 18 88 103
a 88 18 103
a 18 92 945
a 92 18 945
a 18 93 256
a 93 18 256
a 18 95 855
a 95 18 855
a 18 98 266
a 98 18 266
a 18 100 232
a 100 18 232
a 19 20 876
a 20 19 876
a 19 22 461
a 22 19 461
a 19 24 620
a 24 19 620
a 19 25 347
a 25 19 347
a 19 26 951
a 26 19 951
a 19 28 411
a 28 19 411
a 19 29 180
a 29 19 180
a 19 32 394
a 32 19 394
a 19 33 171
a 33 19 171
a 19 35 852
a 35 19 852
a 19 36 497
a 36 19 497
a 19 39 679
a 39 19 679
a 19 41 959
a 41 19 959
a 19 42 467
a 42 19 467
a 19 43 638
a 43 19 638
a 19 44 168
a 44 19 168
a 19 47 565
a 47 19 565
a 19 54 474
a 54 19 474
a 19 55 172
a 55 19 172
a 19 57 851
a 57 19 851
a 19 58 985
a 58 19 985
a 19 59 486
a 59 19 486
a 19 60 982
a 60 19 982
a 19 63 113
a 63 19 113
a 19 65 136
a 65 19 136
a 19 66 517
a 66 19 517
a 19 69 516
a 69 19 516
a 19 70 424
a 70 19 424
a 19 71 766
a 71 19 766
a 19 73 139
a 73 19 139
a 19 75 343
a 75 19 343
a 19 76 856
a 76 19 856
a 19 77 446
a 77 19 446
a 19 78 150
a 78 19 150
a 19 80 953
a 80 19 953
a 19 84 950
a 84 19 950
a 19 85 890
a 85 19 890
a 19 86 121
a 86 19 121
a 19 87 240
a 87 19 240
a 19 89 973
a 89 19 973
a 19 90 213
a 90 19 213
a 19 95 749
a 95 19 749
a 19 96 870
a 96 19 870
a 19 97 111
a 97 19 111
a 19 99 238
a 99 19 238
a 19 100 994
a 100 19 994
a 20 22 540
a 22 20 540
a 20 23 231
a 23 20 231
a 20 24 441
a 24 20 441
a 20 29 338
a 29 20 338
a 20 30 650
a 30 20 650
a 20 31 222
a 31 20 222
a 20 33 993
a 33 20 993
a 20 35 157
a 35 20 157
a 20 36 417
a 36 20 417
a 20 38 126
a 38 20 126
a 20 39 381
a 39 20 381
a 20 43 110
a 43 20 110
a 20 45 996
a 45 20 996
a 20 47 781
a 47 20 781
a 20 48 756
a 48 20 756
a 20 51 947
a 51 20 947
a 20 52 873
a 52 20 873
a 20 53 277
a 53 20 277
a 20 54 939
a 54 20 939
a 20 59 812
a 59 20 812
a 20 61 274
a 61 20 274
a 20 62 718
a 62 20 718
a 20 63 897
a 63 20 897
a 20 65 270
a 65 20 270
a 20 67 952
a 67 20 952
a 20 69 608
a 69 20 608
a 20 70 523
a 70 20 523
a 20 73 354
a 73 20 354
a 20 74 820
a 74 20 820
a 20 75 342
a 75 20 342
a 20 76 831
a 76 20 831
a 20 79 617
a 79 20 617
a 20 80 334
a 80 20 334
a 20 81 887
a 81 20 887
a 20 82 495
a 82 20 495
a 20 85 853
a 85 20 853
a 20 90 197
a 90 20 197
a 20 91 759
a 91 20 759
a 20 96 635
a 96 20 635
a 20 98 901
a 98 20 901
a 21 24 478
a 24 21 478
a 21 26 886
a 26 21 886
a 21 27 626
a 27 21 626
a 21 28 429
a 28 21 429
a 21 29 244
a 29 21 244
a 21 31 386
a 31 21 386
a 21 34 109
a 34 21 109
a 21 35 558
a 35 21 558
a 21 37 787
a 37 21 787
a 21 38 296
a 38 21 296
a 21 39 859
a 39 21 859
a 21 40 206
a 40 21 206
a 21 43 993
a 43 21 993
a 21 45 700
a 45 21 700
a 21 47 157
a 47 21 157
a 21 56 255
a 56 21 255
a 21 58 672
a 58 21 672
a 21 59 127
a 59 21 127
a 21 61 512
a 61 21 512
a 21 62 227
a 62 21 227
a 21 64 745
a 64 21 745
a 21 66 527
a 66 21 527
a 21 67 172
a 67 21 172
a 21 72 171
a 72 21 171
a 21 73 681
a 73 21 681
a 21 76 505
a 76 21 505
a 21 78 411
a 78 21 411
a 21 79 249
a 79 21 249
a 21 81 901
a 81 21 901
a 21 85 644
a 85 21 644
a 21 89 679
a 89 21 679
a 21 91 936
a 91 21 936
a 21 94 665
a 94 21 665
a 21 95 373
a 95 21 373
a 21 97 866
a 97 21 866
a 21 98 752
a 98 21 752
a 22 24 958
a 24 22 958
a 22 25 197
a 25 22 197
a 22 27 757
a 27 22 757
a 22 28 956
a 28 22 956
a 22 29 355
a 29 22 355
a 22 30 397
a 30 22 397
a 22 34 714
a 34 22 714
a 22 35 353
a 35 22 353
a 22 36 692
a 36 22 692
a 22 39 722
a 39 22 722
a 22 40 870
a 40 22 870
a 22 41 904
a 41 22 904
a 22 44 367
a 44 22 367
a 22 45 499
a 45 22 499
a 22 46 546
a 46 22 546
a 22 51 838
a 51 22 838
a 22 53 289
a 53 22 289
a 22 61 611
a 61 22 611
a 22 63 962
a 63 22 962
a 22 64 517
a 64 22 517
a 22 65 745
a 65 22 745
a 22 69 166
a 69 22 166
a 22 70 646
a 70 22 646
a 22 71 791
a 71 22 791
a 22 74 308
a 74 22 308
a 22 75 546
a 75 22 546
a 22 78 817
a 78 22 817
a 22 80 292
a 80 22 292
a 22 82 186
a 82 22 186
a 22 84 199
a 84 22 199
a 22 86 740
a 86 22 740
a 22 87 245
a 87 22 245
a 22 89 472
a 89 22 472
a 22 90 682
a 90 22 682
a 22 93 775
a 93 22 775
a 22 94 134
a 94 22 134
a 22 95 149
a 95 22 149
a 22 97 362
a 97 22 362
a 23 25 173
a 25 23 173
a 23 26 209
a 26 23 209
a 23 30 785
a 30 23 785
a 23 31 156
a 31 23 156
a 23 35 418
a 35 23 418
a 23 37 999
a 37 23 999
a 23 39 262
a 39 23 262
a 23 40 282
a 40 23 282
a 23 42 283
a 42 23 283
a 23 43 587
a 43 23 587
a 23 45 229
a 45 23 229
a 23 47 130
a 47 23 130
a 23 52 484
a 52 23 484
a 23 55 231
a 55 23 231
a 23 59 149
a 59 23 149
a 23 60 801
a 60 23 801
a 23 62 106
a 62 23 106
a 23 63 951
a 63 23 951
a 23 64 372
a 64 23 372
a 23 65 269
a 65 23 269
a 23 66 807
a 66 23 807
a 23 67 900
a 67 23 900
a 23 70 124
a 70 23 124
a 23 71 545
a 71 23 545
a 23 74 130
a 74 23 130
a 23 75 314
a 75 23 314
a 23 76 571
a 76 23 571
a 23 77 752
a 77 23 752
a 23 78 357
a 78 23 357
a 23 79 646
a 79 23 646
a 23 80 743
a 80 23 743
a 23 81 921
a 81 23 921
a 23 82 194
a 82 23 194
a 23 84 936
a 84 23 936
a 23 87 641
a 87 23 641
a 23 89 482
a 89 23 482
a 23 90 332
a 90 23 332
a 23 91 816
a 91 23 816
a 23 93 707
a 93 23 707
a 23 94 541
a 94 23 541
a 23 95 974
a 95 23 974
a 23 96 399
a 96 23 399
a 23 97 407
a 97 23 407
a 23 99 219
a 99 23 219
a 24 26 421
a 26 24 421
a 24 27 794
a 27 24 794
a 24 28 677
a 28 24 677
a 24 30 122
a 30 24 122
a 24 36 855
a 36 24 855
a 24 37 184
a 37 24 184
a 24 38 555
a 38 24 555
a 24 41 321
a 41 24 321
a 24 43 121
a 43 24 121
a 24 46 935
a 46 24 935
a 24 47 269
a 47 24 269
a 24 48 305
a 48 24 305
a 24 49 316
a 49 24 316
a 24 50 302
a 50 24 302
a 24 52 331
a 52 24 331
a 24 56 442
a 56 24 442
a 24 58 504
a 58 24 504
a 24 59 145
a 59 24 145
a 24 64 288
a 64 24 288
a 24 66 540
a 66 24 540
a 24 67 414
a 67 24 414
a 24 72 161
a 72 24 161
a 24 73 162
a 73 24 162
a 24 74 890
a 74 24 890
a 24 75 904
a 75 24 904
a 24 78 214
a 78 24 214
a 24 81 431
a 81 24 431
a 24 82 116
a 82 24 116
a 24 83 133
a 83 24 133
a 24 84 472
a 84 24 472
a 24 86 592
a 86 24 592
a 24 87 610
a 87 24 610
a 24 88 157
a 88 24 157
a 24 91 422
a 91 24 422
a 24 92 870
a 92 24 870
a 24 94 564
a 94 24 564
a 24 95 787
a 95 24 787
a 24 96 713
a 96 24 713
a 24 98 949
a 98 24 949
a 24 100 645
a 100 24 645
a 25 28 454
a 28 25 454
a 25 31 737
a 31 25 737
a 25 35 784
a 35 25 784
a 25 36 378
a 36 25 378
a 25 37 324
a 37 25 324
a 25 38 443
a 38 25 443
a 25 40 948
a 40 25 948
a 25 43 932
a 43 25 932
a 25 45 380
a 45 25 380
a 25 47 228
a 47 25 228
a 25 51 831
a 51 25 831
a 25 58 525
a 58 25 525
a 25 59 431
a 59 25 431
a 25 61 847
a 61 25 847
a 25 62 494
a 62 25 494
a 25 64 687
a 64 25 687
a 25 66 226
a 66 25 226
a 25 67 143
a 67 25 143
a 25 70 514
a 70 25 514
a 25 71 477
a 71 25 477
a 25 73 445
a 73 25 445
a 25 75 805
a 75 25 805
a 25 76 759
a 76 25 759
a 25 77 483
a 77 25 483
a 25 78 239
a 78 25 239
a 25 79 230
a 79 25 230
a 25 81 654
a 81 25 654
a 25 87 132
a 87 25 132
a 25 88 138
a 88 25 138
a 25 89 396
a 89 25 396
a 25 90 127
a 90 25 127
a 25 91 597
a 91 25 597
a 25 92 614
a 92 25 614
a 25 94 202
a 94 25 202
a 25 95 464
a 95 25 464
a 25 96 543
a 96 25 543
a 25 97 614
a 97 25 614
a 25 98 302
a 98 25 302
a 25 99 120
a 99 25 120
a 25 100 249
a 100 25 249
a 26 29 872
a 29 26 872
a 26 30 709
a 30 26 709
a 26 31 807
a 31 26 807
a 26 32 866
a 32 26 866
a 26 35 359
a 35 26 359
a 26 36 596
a 36 26 596
a 26 37 502
a 37 26 502
a 26 39 602
a 39 26 602
a 26 40 768
a 40 26 768
a 26 42 373
a 42 26 373
a 26 45 857
a 45 26 857
a 26 46 480
a 46 26 480
a 26 47 626
a 47 26 626
a 26 51 656
a 51 26 656
a 26 52 959
a 52 26 959
a 26 54 676
a 54 26 676
a 26 58 154
a 58 26 154
a 26 60 148
a 60 26 148
a 26 63 893
a 63 26 893
a 26 64 334
a 64 26 334
a 26 65 757
a 65 26 757
a 26 66 299
a 66 26 299
a 26 68 511
a 68 26 511
a 26 69 134
a 69 26 134
a 26 72 305
a 72 26 305
a 26 73 165
a 73 26 165
a 26 74 440
a 74 26 440
a 26 76 191
a 76 26 191
a 26 79 489
a 79 26 489
a 26 80 324
a 80 26 324
a 26 81 508
a 81 26 508
a 26 82 641
a 82 26 641
a 26 84 968
a 84 26 968
a 26 85 359
a 85 26 359
a 26 86 844
a 86 26 844
a 26 89 693
a 89 26 693
a 26 90 632
a 90 26 632
a 26 92 848
a 92 26 848
a 26 95 251
a 95 26 251
a 26 96 861
a 96 26 861
a 26 97 989
a 97 26 989
a 26 98 293
a 98 26 293
a 26 100 141
a 100 26 141
a 27 29 215
a 29 27 215
a 27 30 794
a 30 27 794
a 27 33 830
a 33 27 830
a 27 39 158
a 39 27 158
a 27 40 548
a 40 27 548
a 27 41 536
a 41 27 536
a 27 42 114
a 42 27 114
a 27 44 344
a 44 27 344
a 27 46 456
a 46 27 456
a 27 47 395
a 47 27 395
a 27 50 677
a 50 27 677
a 27 52 904
a 52 27 904
a 27 53 619
a 53 27 619
a 27 54 277
a 54 27 277
a 27 57 353
a 57 27 353
a 27 58 225
a 58 27 225
a 27 60 968
a 60 27 968
a 27 61 942
a 61 27 942
a 27 62 784
a 62 27 784
a 27 63 755
a 63 27 755
a 27 64 528
a 64 27 528
a 27 66 379
a 66 27 379
a 27 69 783
a 69 27 783
a 27 72 459
a 72 27 459
a 27 73 956
a 73 27 956
a 27 76 690
a 76 27 690
a 27 77 410
a 77 27 410
a 27 78 446
a 78 27 446
a 27 80 852
a 80 27 852
a 27 82 574
a 82 27 574
a 27 85 273
a 85 27 273
a 27 87 146
a 87 27 146
a 27 88 880
a 88 27 880
a 27 90 176
a 90 27 176
a 27 91 257
a 91 27 257
a 27 92 380
a 92 27 380
a 27 93 802
a 93 27 802
a 27 94 495
a 94 27 495
a 27 95 911
a 95 27 911
a 27 96 506
a 96 27 506
a 27 98 444
a 98 27 444
a 28 29 780
a 29 28 780
a 28 30 351
a 30 28 351
a 28 31 811
a 31 28 811
a 28 33 100
a 33 28 100
a 28 34 703
a 34 28 703
a 28 35 104
a 35 28 104
a 28 37 759
a 37 28 759
a 28 39 749
a 39 28 749
a 28 41 957
a 41 28 957
a 28 42 318
a 42 28 318
a 28 44 301
a 44 28 301
a 28 49 907
a 49 28 907
a 28 53 707
a 53 28 707
a 28 54 422
a 54 28 422
a 28 56 842
a 56 28 842
a 28 61 853
a 61 28 853
a 28 62 863
a 62 28 863
a 28 63 532
a 63 28 532
a 28 64 749
a 64 28 749
a 28 65 742
a 65 28 742
a 28 67 567
a 67 28 567
a 28 68 212
a 68 28 212
a 28 69 669
a 69 28 669
a 28 71 657
a 71 28 657
a 28 74 963
a 74 28 963
a 28 75 467
a 75 28 467
a 28 76 598
a 76 28 598
a 28 78 475
a 78 28 475
a 28 79 266
a 79 28 266
a 28 80 518
a 80 28 518
a 28 81 912
a 81 28 912
a 28 82 243
a 82 28 243
a 28 83 570
a 83 28 570
a 28 84 252
a 84 28 252
a 28 86 862
a 86 28 862
a 28 90 964
a 90 28 964
a 28 92 789
a 92 28 789
a 28 98 215
a 98 28 215
a 28 99 514
a 99 28 514
a 28 100 282
a 100 28 282
a 29 31 693
a 31 29 693
a 29 32 408
a 32 29 408
a 29 35 840
a 35 29 840
a 29 39 392
a 39 29 392
a 29 41 216
a 41 29 216
a 29 42 841
a 42 29 841
a 29 44 445
a 44 29 445
a 29 45 440
a 45 29 440
a 29 46 220
a 46 29 220
a 29 49 110
a 49 29 110
a 29 54 205
a 54 29 205
a 29 56 398
a 56 29 398
a 29 59 659
a 59 29 659
a 29 60 368
a 60 29 368
a 29 61 800
a 61 29 800
a 29 62 433
a 62 29 433
a 29 64 633
a 64 29 633
a 29 66 597
a 66 29 597
a 29 67 629
a 67 29 629
a 29 68 517
a 68 29 517
a 29 70 161
a 70 29 161
a 29 71 779
a 71 29 779
a 29 76 663
a 76 29 663
a 29 79 250
a 79 29 250
a 29 80 890
a 80 29 890
a 29 81 991
a 81 29 991
a 29 83 738
a 83 29 738
a 29 85 313
a 85 29 313
a 29 86 696
a 86 29 696
a 29 87 249
a 87 29 249
a 29 88 814
a 88 29 814
a 29 91 638
a 91 29 638
a 29 99 436
a 99 29 436
a 29 100 969
a 100 29 969
a 30 31 496
a 31 30 496
a 30 32 174
a 32 30 174
a 30 34 172
a 34 30 172
a 30 37 450
a 37 30 450
a 30 38 270
a 38 30 270
a 30 41 115
a 41 30 115
a 30 42 461
a 42 30 461
a 30 44 714
a 44 30 714
a 30 46 580
a 46 30 580
a 30 47 627
a 47 30 627
a 30 48 252
a 48 30 252
a 30 49 792
a 49 30 792
a 30 50 737
a 50 30 737
a 30 53 167
a 53 30 167
a 30 57 467
a 57 30 467
a 30 58 517
a 58 30 517
a 30 59 683
a 59 30 683
a 30 60 799
a 60 30 799
a 30 61 789
a 61 30 789
a 30 63 934
a 63 30 934
a 30 67 740
a 67 30 740
a 30 70 689
a 70 30 689
a 30 74 372
a 74 30 372
a 30 75 411
a 75 30 411
a 30 76 965
a 76 30 965
a 30 77 458
a 77 30 458
a 30 78 968
a 78 30 968
a 30 80 775
a 80 30 775
a 30 85 683
a 85 30 683
a 30 88 138
a 88 30 138
a 30 89 432
a 89 30 432
a 30 90 311
a 90 30 311
a 30 91 820
a 91 30 820
a 30 93 736
a 93 30 736
a 30 95 377
a 95 30 377
a 30 99 549
a 99 30 549
a 31 32 972
a 32 31 972
a 31 33 861
a 33 31 861
a 31 35 128
a 35 31 128
a 31 36 287
a 36 31 287
a 31 37 320
a 37 31 320
a 31 40 269
a 40 31 269
a 31 41 218
a 41 31 218
a 31 42 908
a 42 31 908
a 31 43 132
a 43 31 132
a 31 44 512
a 44 31 512
a 31 45 709
a 45 31 709
a 31 47 776
a 47 31 776
a 31 51 283
a 51 31 283
a 31 52 337
a 52 31 337
a 31 59 382
a 59 31 382
a 31 61 961
a 61 31 961
a 31 62 310
a 62 31 310
a 31 64 715
a 64 31 715
a 31 66 311
a 66 31 311
a 31 67 304
a 67 31 304
a 31 68 430
a 68 31 430
a 31 71 750
a 71 31 750
a 31 75 219
a 75 31 219
a 31 76 864
a 76 31 864
a 31 78 240
a 78 31 240
a 31 79 125
a 79 31 125
a 31 80 314
a 80 31 314
a 31 81 377
a 81 31 377
a 31 82 737
a 82 31 737
a 31 83 727
a 83 31 727
a 31 84 729
a 84 31 729
a 31 86 919
a 86 31 919
a 31 87 454
a 87 31 454
a 31 89 990
a 89 31 990
a 31 90 977
a 90 31 977
a 31 91 452
a 91 31 452
a 31 92 337
a 92 31 337
a 31 94 594
a 94 31 594
a 31 95 258
a 95 31 258
a 31 96 873
a 96 31 873
a 31 98 138
a 98 31 138
a 31 99 103
a 99 31 103
a 32 33 808
a 33 32 808
a 32 35 843
a 35 32 843
a 32 39 230
a 39 32 230
a 32 42 949
a 42 32 949
a 32 43 736
a 43 32 736
a 32 45 701
a 45 32 701
a 32 46 611
a 46 32 611
a 32 47 463
a 47 32 463
a 32 48 736
a 48 32 736
a 32 49 296
a 49 32 296
a 32 50 144
a 50 32 144
a 32 51 951
a 51 32 951
a 32 54 279
a 54 32 279
a 32 55 171
a 55 32 171
a 32 56 332
a 56 32 332
a 32 58 912
a 58 32 912
a 32 59 145
a 59 32 145
a 32 60 650
a 60 32 650
a 32 62 761
a 62 32 761
a 32 66 196
a 66 32 196
a 32 67 248
a 67 32 248
a 32 68 432
a 68 32 432
a 32 70 107
a 70 32 107
a 32 71 674
a 71 32 674
a 32 73 836
a 73 32 836
a 32 76 960
a 76 32 960
a 32 78 489
a 78 32 489
a 32 80 185
a 80 32 185
a 32 85 213
a 85 32 213
a 32 86 650
a 86 32 650
a 32 87 437
a 87 32 437
a 32 89 606
a 89 32 606
a 32 91 413
a 91 32 413
a 32 94 952
a 94 32 952
a 32 95 696
a 95 32 696
a 32 96 181
a 96 32 181
a 32 98 780
a 98 32 780
a 32 99 494
a 99 32 494
a 33 35 612
a 35 33 612
a 33 38 186
a 38 33 186
a 33 41 558
a 41 33 558
a 33 43 939
a 43 33 939
a 33 44 553
a 44 33 553
a 33 48 381
a 48 33 381
a 33 49 135
a 49 33 135
a 33 51 528
a 51 33 528
a 33 52 897
a 52 33 897
a 33 53 824
a 53 33 824
a 33 55 319
a 55 33 319
a 33 56 670
a 56 33 670
a 33 58 607
a 58 33 607
a 33 59 681
a 59 33 681
a 33 61 563
a 61 33 563
a 33 62 513
a 62 33 513
a 33 63 871
a 63 33 871
a 33 66 168
a 66 33 168
a 33 67 890
a 67 33 890
a 33 73 726
a 73 33 726
a 33 76 553
a 76 33 553
a 33 77 115
a 77 33 115
a 33 79 789
a 79 33 789
a 33 82 358
a 82 33 358
a 33 83 596
a 83 33 596
a 33 84 301
a 84 33 301
a 33 86 128
a 86 33 128
a 33 87 857
a 87 33 857
a 33 88 115
a 88 33 115
a 33 91 943
a 91 33 943
a 33 92 606
a 92 33 606
a 33 93 177
a 93 33 177
a 33 95 773
a 95 33 773
a 33 100 632
a 100 33 632
a 34 35 706
a 35 34 706
a 34 36 574
a 36 34 574
a 34 38 962
a 38 34 962
a 34 39 823
a 39 34 823
a 34 40 381
a 40 34 381
a 34 41 112
a 41 34 112
a 34 43 375
a 43 34 375
a 34 45 971
a 45 34 971
a 34 46 508
a 46 34 508
a 34 52 475
a 52 34 475
a 34 54 462
a 54 34 462
a 34 56 446
a 56 34 446
a 34 57 645
a 57 34 645
a 34 59 934
a 59 34 934
a 34 63 594
a 63 34 594
a 34 65 476
a 65 34 476
a 34 66 428
a 66 34 428
a 34 67 534
a 67 34 534
a 34 69 266
a 69 34 266
a 34 70 520
a 70 34 520
a 34 75 328
a 75 34 328
a 34 79 549
a 79 34 549
a 34 80 758
a 80 34 758
a 34 82 254
a 82 34 254
a 34 83 190
a 83 34 190
a 34 87 236
a 87 34 236
a 34 88 347
a 88 34 347
a 34 89 451
a 89 34 451
a 34 91 658
a 91 34 658
a 34 93 441
a 93 34 441
a 34 96 586
a 96 34 586
a 34 97 130
a 97 34 130
a 34 98 453
a 98 34 453
a 34 99 688
a 99 34 688
a 34 100 168
a 100 34 168
a 35 36 637
a 36 35 637
a 35 37 115
a 37 35 115
a 35 38 517
a 38 35 517
a 35 39 385
a 39 35 385
a 35 40 216
a 40 35 216
a 35 41 600
a 41 35 600
a 35 43 619
a 43 35 619
a 35 45 967
a 45 35 967
a 35 48 904
a 48 35 904
a 35 49 834
a 49 35 834
a 35 50 805
a 50 35 805
a 35 51 958
a 51 35 958
a 35 52 298
a 52 35 298
a 35 54 120
a 54 35 120
a 35 56 605
a 56 35 605
a 35 57 245
a 57 35 245
a 35 62 491
a 62 35 491
a 35 64 324
a 64 35 324
a 35 65 274
a 65 35 274
a 35 66 574
a 66 35 574
a 35 68 631
a 68 35 631
a 35 69 999
a 69 35 999
a 35 70 419
a 70 35 419
a 35 71 929
a 71 35 929
a 35 72 673
a 72 35 673
a 35 73 249
a 73 35 249
a 35 74 634
a 74 35 634
a 35 75 881
a 75 35 881
a 35 76 340
a 76 35 340
a 35 78 223
a 78 35 223
a 35 79 889
a 79 35 889
a 35 81 847
a 81 35 847
a 35 82 818
a 82 35 818
a 35 83 961
a 83 35 961
a 35 84 244
a 84 35 244
a 35 85 498
a 85 35 498
a 35 86 980
a 86 35 980
a 35 89 149
a 89 35 149
a 35 91 261
a 91 35 261
a 35 92 112
a 92 35 112
a 35 93 882
a 93 35 882
a 35 94 405
a 94 35 405
a 35 95 577
a 95 35 577
a 35 96 936
a 96 35 936
a 35 97 905
a 97 35 905
a 35 98 191
a 98 35 191
a 36 37 127
a 37 36 127
a 36 38 622
a 38 36 622
a 36 41 406
a 41 36 406
a 36 44 567
a 44 36 567
a 36 46 994
a 46 36 994
a 36 47 539
a 47 36 539
a 36 48 187
a 48 36 187
a 36 50 462
a 50 36 462
a 36 53 872
a 53 36 872
a 36 54 943
a 54 36 943
a 36 59 950
a 59 36 950
a 36 61 908
a 61 36 908
a 36 62 465
a 62 36 465
a 36 64 150
a 64 36 150
a 36 65 590
a 65 36 590
a 36 67 670
a 67 36 670
a 36 68 845
a 68 36 845
a 36 69 389
a 69 36 389
a 36 70 937
a 70 36 937
a 36 71 641
a 71 36 641
a 36 72 332
a 72 36 332
a 36 73 896
a 73 36 896
a 36 77 886
a 77 36 886
a 36 78 833
a 78 36 833
a 36 79 427
a 79 36 427
a 36 80 632
a 80 36 632
a 36 81 255
a 81 36 255
a 36 83 205
a 83 36 205
a 36 84 370
a 84 36 370
a 36 85 385
a 85 36 385
a 36 87 667
a 87 36 667
a 36 88 466
a 88 36 466
a 36 89 730
a 89 36 730
a 36 91 377
a 91 36 377
a 36 93 793
a 93 36 793
a 36 94 994
a 94 36 994
a 36 95 200
a 95 36 200
a 36 96 825
a 96 36 825
a 36 97 368
a 97 36 368
a 36 100 350
a 100 36 350
a 37 40 141
a 40 37 141
a 37 41 115
a 41 37 115
a 37 42 483
a 42 37 483
a 37 43 426
a 43 37 426
a 37 44 983
a 44 37 983
a 37 49 241
a 49 37 241
a 37 50 529
a 50 37 529
a 37 52 168
a 52 37 168
a 37 56 201
a 56 37 201
a 37 59 237
a 59 37 237
a 37 60 716
a 60 37 716
a 37 61 792
a 61 37 792
a 37 63 358
a 63 37 358
a 37 65 626
a 65 37 626
a 37 66 610
a 66 37 610
a 37 68 241
a 68 37 241
a 37 72 685
a 72 37 685
a 37 73 696
a 73 37 696
a 37 75 298
a 75 37 298
a 37 76 186
a 76 37 186
a 37 78 843
a 78 37 843
a 37 80 395
a 80 37 395
a 37 85 475
a 85 37 475
a 37 86 369
a 86 37 369
a 37 88 990
a 88 37 990
a 37 89 437
a 89 37 437
a 37 90 734
a 90 37 734
a 37 91 745
a 91 37 745
a 37 92 676
a 92 37 676
a 37 93 484
a 93 37 484
a 37 95 954
a 95 37 954
a 37 97 135
a 97 37 135
a 37 99 921
a 99 37 921
a 37 100 567
a 100 37 567
a 38 39 579
a 39 38 579
a 38 40 219
a 40 38 219
a 38 42 400
a 42 38 400
a 38 43 126
a 43 38 126
a 38 47 686
a 47 38 686
a 38 48 973
a 48 38 973
a 38 50 512
a 50 38 512
a 38 52 272
a 52 38 272
a 38 57 496
a 57 38 496
a 38 58 901
a 58 38 901
a 38 60 639
a 60 38 639
a 38 61 304
a 61 38 304
a 38 62 989
a 62 38 989
a 38 63 688
a 63 38 688
a 38 64 978
a 64 38 978
a 38 65 984
a 65 38 984
a 38 66 587
a 66 38 587
a 38 68 114
a 68 38 114
a 38 69 442
a 69 38 442
a 38 76 243
a 76 38 243
a 38 80 988
a 80 38 988
a 38 81 412
a 81 38 412
a 38 88 956
a 88 38 956
a 38 89 691
a 89 38 691
a 38 91 339
a 91 38 339
a 38 92 188
a 92 38 188
a 38 93 291
a 93 38 291
a 38 94 302
a 94 38 302
a 38 95 609
a 95 38 609
a 38 96 992
a 96 38 992
a 38 97 697
a 97 38 697
a 39 40 316
a 40 39 316
a 39 41 788
a 41 39 788
a 39 43 638
a 43 39 638
a 39 46 674
a 46 39 674
a 39 48 486
a 48 39 486
a 39 49 875
a 49 39 875
a 39 51 620
a 51 39 620
a 39 52 134
a 52 39 134
a 39 53 594
a 53 39 594
a 39 54 135
a 54 39 135
a 39 55 402
a 55 39 402
a 39 56 849
a 56 39 849
a 39 58 253
a 58 39 253
a 39 59 407
a 59 39 407
a 39 60 757
a 60 39 757
a 39 61 142
a 61 39 142
a 39 64 792
a 64 39 792
a 39 65 288
a 65 39 288
a 39 68 118
a 68 39 118
a 39 69 732
a 69 39 732
a 39 70 196
a 70 39 196
a 39 71 179
a 71 39 179
a 39 73 742
a 73 39 742
a 39 74 195
a 74 39 195
a 39 75 846
a 75 39 846
a 39 76 703
a 76 39 703
a 39 78 270
a 78 39 270
a 39 79 715
a 79 39 715
a 39 82 417
a 82 39 417
a 39 87 835
a 87 39 835
a 39 88 723
a 88 39 723
a 39 89 413
a 89 39 413
a 39 90 431
a 90 39 431
a 39 91 920
a 91 39 920
a 39 92 958
a 92 39 958
a 39 93 276
a 93 39 276
a 39 98 749
a 98 39 749
a 40 41 605
a 41 40 605
a 40 42 801
a 42 40 801
a 40 43 139
a 43 40 139
a 40 50 776
a 50 40 776
a 40 51 793
a 51 40 793
a 40 52 476
a 52 40 476
a 40 54 970
a 54 40 970
a 40 57 458
a 57 40 458
a 40 58 843
a 58 40 843
a 40 67 764
a 67 40 764
a 40 68 208
a 68 40 208
a 40 70 735
a 70 40 735
a 40 71 412
a 71 40 412
a 40 72 390
a 72 40 390
a 40 73 808
a 73 40 808
a 40 78 254
a 78 40 254
a 40 79 148
a 79 40 148
a 40 80 950
a 80 40 950
a 40 81 484
a 81 40 484
a 40 86 283
a 86 40 283
a 40 87 567
a 87 40 567
a 40 92 763
a 92 40 763
a 40 94 832
a 94 40 832
a 40 98 860
a 98 40 860
a 40 99 866
a 99 40 866
a 41 42 657
a 42 41 657
a 41 43 108
a 43 41 108
a 41 44 327
a 44 41 327
a 41 45 895
a 45 41 895
a 41 46 660
a 46 41 660
a 41 49 363
a 49 41 363
a 41 50 821
a 50 41 821
a 41 51 977
a 51 41 977
a 41 53 909
a 53 41 909
a 41 55 257
a 55 41 257
a 41 56 703
a 56 41 703
a 41 57 552
a 57 41 552
a 41 58 894
a 58 41 894
a 41 59 459
a 59 41 459
a 41 60 530
a 60 41 530
a 41 61 485
a 61 41 485
a 41 64 371
a 64 41 371
a 41 65 302
a 65 41 302
a 41 66 882
a 66 41 882
a 41 67 229
a 67 41 229
a 41 68 208
a 68 41 208
a 41 75 825
a 75 41 825
a 41 79 143
a 79 41 143
a 41 81 619
a 81 41 619
a 41 84 597
a 84 41 597
a 41 90 210
a 90 41 210
a 41 91 442
a 91 41 442
a 41 94 368
a 94 41 368
a 41 96 184
a 96 41 184
a 41 97 975
a 97 41 975
a 41 98 592
a 98 41 592
a 41 99 848
a 99 41 848
a 42 43 968
a 43 42 968
a 42 44 624
a 44 42 624
a 42 45 674
a 45 42 674
a 42 48 656
a 48 42 656
a 42 49 635
a 49 42 635
a 42 50 839
a 50 42 839
a 42 52 558
a 52 42 558
a 42 53 789
a 53 42 789
a 42 55 620
a 55 42 620
a 42 56 786
a 56 42 786
a 42 57 136
a 57 42 136
a 42 60 178
a 60 42 178
a 42 61 389
a 61 42 389
a 42 64 728
a 64 42 728
a 42 65 544
a 65 42 544
a 42 66 831
a 66 42 831
a 42 68 484
a 68 42 484
a 42 71 257
a 71 42 257
a 42 72 436
a 72 42 436
a 42 73 741
a 73 42 741
a 42 74 660
a 74 42 660
a 42 75 826
a 75 42 826
a 42 78 526
a 78 42 526
a 42 81 391
a 81 42 391
a 42 83 718
a 83 42 718
a 42 84 383
a 84 42 383
a 42 85 507
a 85 42 507
a 42 88 204
a 88 42 204
a 42 89 358
a 89 42 358
a 42 91 794
a 91 42 794
a 42 92 689
a 92 42 689
a 42 93 774
a 93 42 774
a 42 96 204
a 96 42 204
a 42 97 490
a 97 42 490
a 42 98 554
a 98 42 554
a 42 99 637
a 99 42 637
a 43 44 865
a 44 43 865
a 43 45 931
a 45 43 931
a 43 46 223
a 46 43 223
a 43 47 714
a 47 43 714
a 43 48 210
a 48 43 210
a 43 49 260
a 49 43 260
a 43 57 508
a 57 43 508
a 43 58 715
a 58 43 715
a 43 60 143
a 60 43 143
a 43 61 888
a 61 43 888
a 43 62 563
a 62 43 563
a 43 63 850
a 63 43 850
a 43 64 460
a 64 43 460
a 43 66 639
a 66 43 639
a 43 68 123
a 68 43 123
a 43 70 608
a 70 43 608
a 43 72 510
a 72 43 510
a 43 74 173
a 74 43 173
a 43 75 404
a 75 43 404
a 43 77 522
a 77 43 522
a 43 78 252
a 78 43 252
a 43 80 159
a 80 43 159
a 43 81 898
a 81 43 898
a 43 85 599
a 85 43 599
a 43 87 806
a 87 43 806
a 43 88 876
a 88 43 876
a 43 91 937
a 91 43 937
a 43 92 564
a 92 43 564
a 43 95 906
a 95 43 906
a 43 97 477
a 97 43 477
a 43 99 585
a 99 43 585
a 43 100 928
a 100 43 928
a 44 45 692
a 45 44 692
a 44 46 329
a 46 44 329
a 44 48 334
a 48 44 334
a 44 49 635
a 49 44 635
a 44 50 280
a 50 44 280
a 44 51 844
a 51 44 844
a 44 52 977
a 52 44 977
a 44 54 282
a 54 44 282
a 44 56 656
a 56 44 656
a 44 57 794
a 57 44 794
a 44 58 723
a 58 44 723
a 44 59 437
a 59 44 437
a 44 60 550
a 60 44 550
a 44 61 132
a 61 44 132
a 44 62 267
a 62 44 267
a 44 66 517
a 66 44 517
a 44 67 317
a 67 44 317
a 44 68 316
a 68 44 316
a 44 69 227
a 69 44 227
a 44 70 906
a 70 44 906
a 44 72 321
a 72 44 321
a 44 73 224
a 73 44 224
a 44 74 610
a 74 44 610
a 44 78 477
a 78 44 477
a 44 79 327
a 79 44 327
a 44 80 776
a 80 44 776
a 44 82 699
a 82 44 699
a 44 83 611
a 83 44 611
a 44 84 799
a 84 44 799
a 44 86 438
a 86 44 438
a 44 87 537
a 87 44 537
a 44 88 361
a 88 44 361
a 44 93 212
a 93 44 212
a 44 94 168
a 94 44 168
a 44 96 602
a 96 44 602
a 44 97 133
a 97 44 133
a 44 98 607
a 98 44 607
a 44 99 458
a 99 44 458
a 45 47 714
a 47 45 714
a 45 49 108
a 49 45 108
a 45 53 569
a 53 45 569
a 45 55 429
a 55 45 429
a 45 56 562
a 56 45 562
a 45 58 467
a 58 45 467
a 45 61 596
a 61 45 596
a 45 62 346
a 62 45 346
a 45 63 755
a 63 45 755
a 45 64 544
a 64 45 544
a 45 65 547
a 65 45 547
a 45 66 110
a 66 45 110
a 45 67 992
a 67 45 992
a 45 68 988
a 68 45 988
a 45 69 698
a 69 45 698
a 45 71 291
a 71 45 291
a 45 73 400
a 73 45 400
a 45 78 631
a 78 45 631
a 45 79 625
a 79 45 625
a 45 84 936
a 84 45 936
a 45 87 174
a 87 45 174
a 45 88 648
a 88 45 648
a 45 91 970
a 91 45 970
a 45 92 696
a 92 45 696
a 45 94 381
a 94 45 381
a 45 97 252
a 97 45 252
a 45 100 650
a 100 45 650
a 46 48 915
a 48 46 915
a 46 50 559
a 50 46 559
a 46 51 857
a 51 46 857
a 46 52 379
a 52 46 379
a 46 54 686
a 54 46 686
a 46 55 270
a 55 46 270
a 46 57 515
a 57 46 515
a 46 58 618
a 58 46 618
a 46 59 784
a 59 46 784
a 46 61 340
a 61 46 340
a 46 62 496
a 62 46 496
a 46 73 227
a 73 46 227
a 46 76 607
a 76 46 607
a 46 77 436
a 77 46 436
a 46 79 577
a 79 46 577
a 46 81 350
a 81 46 350
a 46 82 970
a 82 46 970
a 46 83 562
a 83 46 562
a 46 87 696
a 87 46 696
a 46 88 296
a 88 46 296
a 46 89 766
a 89 46 766
a 46 91 661
a 91 46 661
a 46 92 600
a 92 46 600
a 46 93 964
a 93 46 964
a 46 95 837
a 95 46 837
a 46 96 103
a 96 46 103
a 46 98 502
a 98 46 502
a 46 99 161
a 99 46 161
a 46 100 793
a 100 46 793
a 47 48 197
a 48 47 197
a 47 50 199
a 50 47 199
a 47 51 234
a 51 47 234
a 47 53 877
a 53 47 877
a 47 56 502
a 56 47 502
a 47 57 777
a 57 47 777
a 47 58 612
a 58 47 612
a 47 60 526
a 60 47 526
a 47 63 469
a 63 47 469
a 47 69 390
a 69 47 390
a 47 71 232
a 71 47 232
a 47 72 431
a 72 47 431
a 47 73 644
a 73 47 644
a 47 80 712
a 80 47 712
a 47 81 175
a 81 47 175
a 47 82 431
a 82 47 431
a 47 83 746
a 83 47 746
a 47 89 199
a 89 47 199
a 47 90 990
a 90 47 990
a 47 91 770
a 91 47 770
a 47 92 111
a 92 47 111
a 47 93 401
a 93 47 401
a 47 94 636
a 94 47 636
a 47 95 668
a 95 47 668
a 47 96 597
a 96 47 597
a 47 97 249
a 97 47 249
a 47 99 876
a 99 47 876
a 47 100 738
a 100 47 738
a 48 51 887
a 51 48 887
a 48 53 897
a 53 48 897
a 48 55 569
a 55 48 569
a 48 56 534
a 56 48 534
a 48 59 505
a 59 48 505
a 48 61 928
a 61 48 928
a 48 62 572
a 62 48 572
a 48 63 320
a 63 48 320
a 48 64 750
a 64 48 750
a 48 65 694
a 65 48 694
a 48 66 742
a 66 48 742
a 48 69 274
a 69 48 274
a 48 71 313
a 71 48 313
a 48 72 231
a 72 48 231
a 48 73 614
a 73 48 614
a 48 74 468
a 74 48 468
a 48 75 677
a 75 48 677
a 48 76 873
a 76 48 873
a 48 78 392
a 78 48 392
a 48 79 999
a 79 48 999
a 48 80 161
a 80 48 161
a 48 81 575
a 81 48 575
a 48 82 783
a 82 48 783
a 48 84 782
a 84 48 782
a 48 85 467
a 85 48 467
a 48 86 671
a 86 48 671
a 48 88 380
a 88 48 380
a 48 91 608
a 91 48 608
a 48 92 986
a 92 48 986
a 48 94 500
a 94 48 500
a 48 95 480
a 95 48 480
a 48 97 702
a 97 48 702
a 48 98 699
a 98 48 699
a 48 99 120
a 99 48 120
a 48 100 426
a 100 48 426
a 49 50 430
a 50 49 430
a 49 52 147
a 52 49 147
a 49 53 869
a 53 49 869
a 49 54 963
a 54 49 963
a 49 55 630
a 55 49 630
a 49 58 785
a 58 49 785
a 49 60 487
a 60 49 487
a 49 61 314
a 61 49 314
a 49 62 976
a 62 49 976
a 49 64 552
a 64 49 552
a 49 65 800
a 65 49 800
a 49 66 540
a 66 49 540
a 49 67 678
a 67 49 678
a 49 68 384
a 68 49 384
a 49 72 714
a 72 49 714
a 49 73 811
a 73 49 811
a 49 75 288
a 75 49 288
a 49 76 686
a 76 49 686
a 49 77 678
a 77 49 678
a 49 78 834
a 78 49 834
a 49 80 880
a 80 49 880
a 49 82 925
a 82 49 925
a 49 83 486
a 83 49 486
a 49 84 229
a 84 49 229
a 49 85 388
a 85 49 388
a 49 88 943
a 88 49 943
a 49 91 714
a 91 49 714
a 49 92 885
a 92 49 885
a 49 93 897
a 93 49 897
a 49 94 887
a 94 49 887
a 49 98 248
a 98 49 248
a 49 99 160
a 99 49 160
a 49 100 536
a 100 49 536
a 50 51 172
a 51 50 172
a 50 54 662
a 54 50 662
a 50 55 273
a 55 50 273
a 50 56 386
a 56 50 386
a 50 59 993
a 59 50 993
a 50 61 620
a 61 50 620
a 50 62 907
a 62 50 907
a 50 63 549
a 63 50 549
a 50 65 369
a 65 50 369
a 50 67 632
a 67 50 632
a 50 68 266
a 68 50 266
a 50 69 472
a 69 50 472
a 50 70 736
a 70 50 736
a 50 71 449
a 71 50 449
a 50 72 667
a 72 50 667
a 50 73 238
a 73 50 238
a 50 74 101
a 74 50 101
a 50 76 192
a 76 50 192
a 50 78 913
a 78 50 913
a 50 80 837
a 80 50 837
a 50 81 474
a 81 50 474
a 50 82 866
a 82 50 866
a 50 87 607
a 87 50 607
a 50 88 771
a 88 50 771
a 50 89 383
a 89 50 383
a 50 90 399
a 90 50 399
a 50 91 299
a 91 50 299
a 50 97 137
a 97 50 137
a 50 98 280
a 98 50 280
a 50 100 921
a 100 50 921
a 51 52 785
a 52 51 785
a 51 53 248
a 53 51 248
a 51 55 619
a 55 51 619
a 51 56 585
a 56 51 585
a 51 57 635
a 57 51 635
a 51 58 921
a 58 51 921
a 51 59 712
a 59 51 712
a 51 62 550
a 62 51 550
a 51 63 380
a 63 51 380
a 51 66 816
a 66 51 816
a 51 67 825
a 67 51 825
a 51 70 824
a 70 51 824
a 51 73 1000
a 73 51 1000
a 51 74 334
a 74 51 334
a 51 75 379
a 75 51 379
a 51 78 172
a 78 51 172
a 51 79 642
a 79 51 642
a 51 82 616
a 82 51 616
a 51 83 104
a 83 51 104
a 51 85 147
a 85 51 147
a 51 86 522
a 86 51 522
a 51 88 736
a 88 51 736
a 51 89 229
a 89 51 229
a 51 90 902
a 90 51 902
a 51 91 827
a 91 51 827
a 51 93 478
a 93 51 478
a 51 94 217
a 94 51 217
a 51 98 272
a 98 51 272
a 51 99 660
a 99 51 660
a 51 100 435
a 100 51 435
a 52 53 254
a 53 52 254
a 52 54 364
a 54 52 364
a 52 57 447
a 57 52 447
a 52 60 558
a 60 52 558
a 52 61 158
a 61 52 158
a 52 63 454
a 63 52 454
a 52 65 141
a 65 52 141
a 52 67 158
a 67 52 158
a 52 68 897
a 68 52 897
a 52 69 390
a 69 52 390
a 52 71 592
a 71 52 592
a 52 73 315
a 73 52 315
a 52 74 789
a 74 52 789
a 52 76 822
a 76 52 822
a 52 77 669
a 77 52 669
a 52 79 483
a 79 52 483
a 52 81 698
a 81 52 698
a 52 82 951
a 82 52 951
a 52 85 220
a 85 52 220
a 52 87 242
a 87 52 242
a 52 88 270
a 88 52 270
a 52 90 188
a 90 52 188
a 52 91 431
a 91 52 431
a 52 92 313
a 92 52 313
a 52 93 283
a 93 52 283
a 52 94 622
a 94 52 622
a 52 96 594
a 96 52 594
a 52 98 542
a 98 52 542
a 52 100 342
a 100 52 342
a 53 55 483
a 55 53 483
a 53 56 180
a 56 53 180
a 53 58 963
a 58 53 963
a 53 60 328
a 60 53 328
a 53 62 115
a 62 53 115
a 53 64 268
a 64 53 268
a 53 65 992
a 65 53 992
a 53 66 422
a 66 53 422
a 53 69 631
a 69 53 631
a 53 70 356
a 70 53 356
a 53 72 586
a 72 53 586
a 53 76 835
a 76 53 835
a 53 77 727
a 77 53 727
a 53 79 829
a 79 53 829
a 53 80 553
a 80 53 553
a 53 82 521
a 82 53 521
a 53 84 556
a 84 53 556
a 53 88 640
a 88 53 640
a 53 89 274
a 89 53 274
a 53 90 187
a 90 53 187
a 53 91 928
a 91 53 928
a 53 92 506
a 92 53 506
a 53 93 970
a 93 53 970
a 53 94 500
a 94 53 500
a 53 96 919
a 96 53 919
a 53 99 742
a 99 53 742
a 54 55 744
a 55 54 744
a 54 56 541
a 56 54 541
a 54 59 583
a 59 54 583
a 54 60 895
a 60 54 895
a 54 61 204
a 61 54 204
a 54 64 718
a 64 54 718
a 54 65 794
a 65 54 794
a 54 66 109
a 66 54 109
a 54 67 822
a 67 54 822
a 54 69 101
a 69 54 101
a 54 71 877
a 71 54 877
a 54 76 904
a 76 54 904
a 54 77 650
a 77 54 650
a 54 79 341
a 79 54 341
a 54 80 275
a 80 54 275
a 54 81 175
a 81 54 175
a 54 82 774
a 82 54 774
a 54 83 231
a 83 54 231
a 54 85 303
a 85 54 303
a 54 86 631
a 86 54 631
a 54 88 819
a 88 54 819
a 54 90 295
a 90 54 295
a 54 93 755
a 93 54 755
a 54 94 390
a 94 54 390
a 54 98 654
a 98 54 654
a 54 100 756
a 100 54 756
a 55 56 713
a 56 55 713
a 55 58 190
a 58 55 190
a 55 60 531
a 60 55 531
a 55 61 853
a 61 55 853
a 55 63 502
a 63 55 502
a 55 65 553
a 65 55 553
a 55 66 840
a 66 55 840
a 55 69 971
a 69 55 971
a 55 71 601
a 71 55 601
a 55 72 290
a 72 55 290
a 55 73 433
a 73 55 433
a 55 74 556
a 74 55 556
a 55 75 783
a 75 55 783
a 55 76 981
a 76 55 981
a 55 77 784
a 77 55 784
a 55 78 515
a 78 55 515
a 55 79 821
a 79 55 821
a 55 82 466
a 82 55 466
a 55 84 926
a 84 55 926
a 55 85 341
a 85 55 341
a 55 86 417
a 86 55 417
a 55 87 490
a 87 55 490
a 55 88 431
a 88 55 431
a 55 89 761
a 89 55 761
a 55 91 789
a 91 55 789
a 55 95 164
a 95 55 164
a 55 96 123
a 96 55 123
a 55 98 219
a 98 55 219
a 55 99 627
a 99 55 627
a 55 100 802
a 100 55 802
a 56 58 966
a 58 56 966
a 56 59 412
a 59 56 412
a 56 61 550
a 61 56 550
a 56 63 876
a 63 56 876
a 56 65 275
a 65 56 275
a 56 67 357
a 67 56 357
a 56 68 968
a 68 56 968
a 56 72 469
a 72 56 469
a 56 74 617
a 74 56 617
a 56 75 617
a 75 56 617
a 56 76 721
a 76 56 721
a 56 77 916
a 77 56 916
a 56 78 534
a 78 56 534
a 56 81 533
a 81 56 533
a 56 84 333
a 84 56 333
a 56 85 601
a 85 56 601
a 56 86 243
a 86 56 243
a 56 87 989
a 87 56 989
a 56 90 588
a 90 56 588
a 56 91 573
a 91 56 573
a 56 92 277
a 92 56 277
a 56 94 539
a 94 56 539
a 56 100 536
a 100 56 536
a 57 62 692
a 62 57 692
a 57 63 358
a 63 57 358
a 57 64 774
a 64 57 774
a 57 66 755
a 66 57 755
a 57 68 259
a 68 57 259
a 57 71 746
a 71 57 746
a 57 72 759
a 72 57 759
a 57 73 907
a 73 57 907
a 57 74 943
a 74 57 943
a 57 75 507
a 75 57 507
a 57 76 306
a 76 57 306
a 57 78 810
a 78 57 810
a 57 80 337
a 80 57 337
a 57 81 876
a 81 57 876
a 57 82 655
a 82 57 655
a 57 83 460
a 83 57 460
a 57 86 270
a 86 57 270
a 57 88 427
a 88 57 427
a 57 89 644
a 89 57 644
a 57 90 753
a 90 57 753
a 57 92 289
a 92 57 289
a 57 94 613
a 94 57 613
a 57 95 504
a 95 57 504
a 57 96 393
a 96 57 393
a 57 98 215
a 98 57 215
a 57 99 169
a 99 57 169
a 57 100 172
a 100 57 172
a 58 59 512
a 59 58 512
a 58 60 800
a 60 58 800
a 58 62 910
a 62 58 910
a 58 64 685
a 64 58 685
a 58 66 670
a 66 58 670
a 58 67 468
a 67 58 468
a 58 70 584
a 70 58 584
a 58 71 244
a 71 58 244
a 58 72 780
a 72 58 780
a 58 76 759
a 76 58 759
a 58 77 784
a 77 58 784
a 58 78 519
a 78 58 519
a 58 79 705
a 79 58 705
a 58 80 177
a 80 58 177
a 58 84 996
a 84 58 996
a 58 85 580
a 85 58 580
a 58 86 239
a 86 58 239
a 58 90 197
a 90 58 197
a 58 91 395
a 91 58 395
a 58 93 240
a 93 58 240
a 58 95 682
a 95 58 682
a 58 96 887
a 96 58 887
a 58 97 566
a 97 58 566
a 59 60 295
a 60 59 295
a 59 61 962
a 61 59 962
a 59 63 836
a 63 59 836
a 59 64 329
a 64 59 329
a 59 65 379
a 65 59 379
a 59 67 317
a 67 59 317
a 59 68 630
a 68 59 630
a 59 72 260
a 72 59 260
a 59 73 937
a 73 59 937
a 59 74 934
a 74 59 934
a 59 76 432
a 76 59 432
a 59 77 317
a 77 59 317
a 59 78 503
a 78 59 503
a 59 81 482
a 81 59 482
a 59 82 937
a 82 59 937
a 59 85 332
a 85 59 332
a 59 86 181
a 86 59 181
a 59 87 784
a 87 59 784
a 59 91 744
a 91 59 744
a 59 95 457
a 95 59 457
a 59 97 442
a 97 59 442
a 59 98 241
a 98 59 241
a 59 99 803
a 99 59 803
a 60 62 551
a 62 60 551
a 60 63 663
a 63 60 663
a 60 64 954
a 64 60 954
a 60 65 836
a 65 60 836
a 60 67 781
a 67 60 781
a 60 70 110
a 70 60 110
a 60 72 304
a 72 60 304
a 60 76 491
a 76 60 491
a 60 79 535
a 79 60 535
a 60 80 767
a 80 60 767
a 60 81 598
a 81 60 598
a 60 85 708
a 85 60 708
a 60 87 227
a 87 60 227
a 60 94 366
a 94 60 366
a 60 96 439
a 96 60 439
a 60 97 632
a 97 60 632
a 60 98 762
a 98 60 762
a 60 99 390
a 99 60 390
a 60 100 366
a 100 60 366
a 61 64 298
a 64 61 298
a 61 66 422
a 66 61 422
a 61 67 440
a 67 61 440
a 61 68 727
a 68 61 727
a 61 72 896
a 72 61 896
a 61 74 124
a 74 61 124
a 61 75 550
a 75 61 550
a 61 76 733
a 76 61 733
a 61 77 867
a 77 61 867
a 61 79 929
a 79 61 929
a 61 82 468
a 82 61 468
a 61 83 226
a 83 61 226
a 61 84 680
a 84 61 680
a 61 85 665
a 85 61 665
a 61 89 108
a 89 61 108
a 61 90 404
a 90 61 404
a 61 91 891
a 91 61 891
a 61 92 974
a 92 61 974
a 61 93 465
a 93 61 465
a 61 94 935
a 94 61 935
a 61 95 416
a 95 61 416
a 61 96 930
a 96 61 930
a 61 97 566
a 97 61 566
a 61 98 776
a 98 61 776
a 62 63 817
a 63 62 817
a 62 64 178
a 64 62 178
a 62 65 684
a 65 62 684
a 62 67 754
a 67 62 754
a 62 68 169
a 68 62 169
a 62 69 953
a 69 62 953
a 62 70 402
a 70 62 402
a 62 73 629
a 73 62 629
a 62 74 969
a 74 62 969
a 62 75 728
a 75 62 728
a 62 77 410
a 77 62 410
a 62 78 391
a 78 62 391
a 62 80 133
a 80 62 133
a 62 81 761
a 81 62 761
a 62 82 955
a 82 62 955
a 62 83 213
a 83 62 213
a 62 86 741
a 86 62 741
a 62 87 794
a 87 62 794
a 62 90 838
a 90 62 838
a 62 91 690
a 91 62 690
a 62 93 157
a 93 62 157
a 62 94 722
a 94 62 722
a 62 95 718
a 95 62 718
a 62 97 220
a 97 62 220
a 62 100 644
a 100 62 644
a 63 65 212
a 65 63 212
a 63 67 269
a 67 63 269
a 63 68 937
a 68 63 937
a 63 70 223
a 70 63 223
a 63 71 742
a 71 63 742
a 63 72 737
a 72 63 737
a 63 75 300
a 75 63 300
a 63 76 158
a 76 63 158
a 63 77 705
a 77 63 705
a 63 78 756
a 78 63 756
a 63 79 993
a 79 63 993
a 63 81 477
a 81 63 477
a 63 82 198
a 82 63 198
a 63 83 342
a 83 63 342
a 63 84 407
a 84 63 407
a 63 86 379
a 86 63 379
a 63 88 485
a 88 63 485
a 63 95 935
a 95 63 935
a 63 96 717
a 96 63 717
a 63 97 444
a 97 63 444
a 63 98 782
a 98 63 782
a 63 99 123
a 99 63 123
a 64 66 211
a 66 64 211
a 64 67 844
a 67 64 844
a 64 73 931
a 73 64 931
a 64 74 676
a 74 64 676
a 64 76 216
a 76 64 216
a 64 77 635
a 77 64 635
a 64 78 286
a 78 64 286
a 64 80 565
a 80 64 565
a 64 84 322
a 84 64 322
a 64 86 278
a 86 64 278
a 64 87 747
a 87 64 747
a 64 88 341
a 88 64 341
a 64 90 259
a 90 64 259
a 64 91 184
a 91 64 184
a 64 93 610
a 93 64 610
a 64 97 614
a 97 64 614
a 64 100 855
a 100 64 855
a 65 66 814
a 66 65 814
a 65 70 429
a 70 65 429
a 65 72 350
a 72 65 350
a 65 74 329
a 74 65 329
a 65 75 247
a 75 65 247
a 65 76 528
a 76 65 528
a 65 77 824
a 77 65 824
a 65 79 959
a 79 65 959
a 65 80 183
a 80 65 183
a 65 82 127
a 82 65 127
a 65 84 902
a 84 65 902
a 65 85 251
a 85 65 251
a 65 87 513
a 87 65 513
a 65 88 958
a 88 65 958
a 65 89 420
a 89 65 420
a 65 91 936
a 91 65 936
a 65 92 188
a 92 65 188
a 65 93 428
a 93 65 428
a 65 94 359
a 94 65 359
a 65 96 527
a 96 65 527
a 65 98 315
a 98 65 315
a 65 99 290
a 99 65 290
a 65 100 718
a 100 65 718
a 66 67 581
a 67 66 581
a 66 68 123
a 68 66 123
a 66 69 143
a 69 66 143
a 66 71 827
a 71 66 827
a 66 72 761
a 72 66 761
a 66 77 450
a 77 66 450
a 66 78 483
a 78 66 483
a 66 79 910
a 79 66 910
a 66 80 357
a 80 66 357
a 66 81 833
a 81 66 833
a 66 82 287
a 82 66 287
a 66 83 729
a 83 66 729
a 66 85 908
a 85 66 908
a 66 89 204
a 89 66 204
a 66 90 605
a 90 66 605
a 66 93 978
a 93 66 978
a 66 94 106
a 94 66 106
a 66 95 724
a 95 66 724
a 66 97 537
a 97 66 537
a 66 99 433
a 99 66 433
a 67 72 182
a 72 67 182
a 67 73 225
a 73 67 225
a 67 76 758
a 76 67 758
a 67 77 447
a 77 67 447
a 67 78 580
a 78 67 580
a 67 79 961
a 79 67 961
a 67 80 475
a 80 67 475
a 67 85 152
a 85 67 152
a 67 87 822
a 87 67 822
a 67 88 491
a 88 67 491
a 67 90 226
a 90 67 226
a 67 91 309
a 91 67 309
a 67 93 372
a 93 67 372
a 67 94 781
a 94 67 781
a 67 95 715
a 95 67 715
a 67 96 744
a 96 67 744
a 67 97 145
a 97 67 145
a 67 98 642
a 98 67 642
a 67 99 538
a 99 67 538
a 67 100 552
a 100 67 552
a 68 69 252
a 69 68 252
a 68 70 903
a 70 68 903
a 68 71 653
a 71 68 653
a 68 72 969
a 72 68 969
a 68 73 531
a 73 68 531
a 68 74 492
a 74 68 492
a 68 75 867
a 75 68 867
a 68 77 312
a 77 68 312
a 68 79 152
a 79 68 152
a 68 80 780
a 80 68 780
a 68 81 324
a 81 68 324
a 68 83 964
a 83 68 964
a 68 84 188
a 84 68 188
a 68 85 503
a 85 68 503
a 68 86 208
a 86 68 208
a 68 89 101
a 89 68 101
a 68 91 967
a 91 68 967
a 68 92 308
a 92 68 308
a 68 93 508
a 93 68 508
a 68 94 490
a 94 68 490
a 68 96 326
a 96 68 326
a 68 99 355
a 99 68 355
a 68 100 293
a 100 68 293
a 69 70 242
a 70 69 242
a 69 72 523
a 72 69 523
a 69 73 507
a 73 69 507
a 69 74 698
a 74 69 698
a 69 80 718
a 80 69 718
a 69 81 183
a 81 69 183
a 69 82 566
a 82 69 566
a 69 83 433
a 83 69 433
a 69 84 791
a 84 69 791
a 69 85 285
a 85 69 285
a 69 86 882
a 86 69 882
a 69 88 547
a 88 69 547
a 69 89 387
a 89 69 387
a 69 90 202
a 90 69 202
a 69 93 418
a 93 69 418
a 69 94 155
a 94 69 155
a 69 95 932
a 95 69 932
a 69 96 840
a 96 69 840
a 69 97 641
a 97 69 641
a 69 98 669
a 98 69 669
a 69 99 603
a 99 69 603
a 70 71 952
a 71 70 952
a 70 72 374
a 72 70 374
a 70 73 894
a 73 70 894
a 70 74 234
a 74 70 234
a 70 77 458
a 77 70 458
a 70 84 782
a 84 70 782
a 70 86 332
a 86 70 332
a 70 87 802
a 87 70 802
a 70 90 149
a 90 70 149
a 70 91 409
a 91 70 409
a 70 92 977
a 92 70 977
a 70 96 642
a 96 70 642
a 70 97 996
a 97 70 996
a 70 98 174
a 98 70 174
a 70 99 253
a 99 70 253
a 70 100 718
a 100 70 718
a 71 74 179
a 74 71 179
a 71 75 283
a 75 71 283
a 71 78 492
a 78 71 492
a 71 79 445
a 79 71 445
a 71 80 613
a 80 71 613
a 71 83 621
a 83 71 621
a 71 86 113
a 86 71 113
a 71 87 364
a 87 71 364
a 71 88 947
a 88 71 947
a 71 91 526
a 91 71 526
a 71 92 273
a 92 71 273
a 71 94 881
a 94 71 881
a 71 95 625
a 95 71 625
a 71 98 663
a 98 71 663
a 71 99 952
a 99 71 952
a 71 100 760
a 100 71 760
a 72 74 336
a 74 72 336
a 72 75 554
a 75 72 554
a 72 76 415
a 76 72 415
a 72 77 644
a 77 72 644
a 72 78 778
a 78 72 778
a 72 81 441
a 81 72 441
a 72 82 273
a 82 72 273
a 72 84 717
a 84 72 717
a 72 85 582
a 85 72 582
a 72 86 478
a 86 72 478
a 72 90 710
a 90 72 710
a 72 92 156
a 92 72 156
a 72 93 226
a 93 72 226
a 72 97 847
a 97 72 847
a 72 98 289
a 98 72 289
a 72 99 972
a 99 72 972
a 72 100 252
a 100 72 252
a 73 75 638
a 75 73 638
a 73 76 984
a 76 73 984
a 73 81 488
a 81 73 488
a 73 82 671
a 82 73 671
a 73 86 616
a 86 73 616
a 73 88 254
a 88 73 254
a 73 89 106
a 89 73 106
a 73 91 366
a 91 73 366
a 73 92 805
a 92 73 805
a 73 93 503
a 93 73 503
a 73 94 372
a 94 73 372
a 73 99 887
a 99 73 887
a 73 100 579
a 100 73 579
a 74 80 953
a 80 74 953
a 74 82 286
a 82 74 286
a 74 84 194
a 84 74 194
a 74 88 174
a 88 74 174
a 74 89 696
a 89 74 696
a 74 93 511
a 93 74 511
a 74 94 364
a 94 74 364
a 74 95 637
a 95 74 637
a 74 96 619
a 96 74 619
a 74 97 739
a 97 74 739
a 74 99 920
a 99 74 920
a 74 100 770
a 100 74 770
a 75 76 520
a 76 75 520
a 75 81 250
a 81 75 250
a 75 82 284
a 82 75 284
a 75 83 933
a 83 75 933
a 75 84 150
a 84 75 150
a 75 85 494
a 85 75 494
a 75 86 581
a 86 75 581
a 75 87 505
a 87 75 505
a 75 88 408
a 88 75 408
a 75 89 231
a 89 75 231
a 75 90 615
a 90 75 615
a 75 91 675
a 91 75 675
a 75 93 140
a 93 75 140
a 75 94 376
a 94 75 376
a 75 96 432
a 96 75 432
a 75 98 869
a 98 75 869
a 75 100 655
a 100 75 655
a 76 77 150
a 77 76 150
a 76 78 124
a 78 76 124
a 76 79 302
a 79 76 302
a 76 80 463
a 80 76 463
a 76 82 139
a 82 76 139
a 76 83 933
a 83 76 933
a 76 84 230
a 84 76 230
a 76 85 698
a 85 76 698
a 76 86 358
a 86 76 358
a 76 88 962
a 88 76 962
a 76 89 252
a 89 76 252
a 76 90 850
a 90 76 850
a 76 92 843
a 92 76 843
a 76 93 568
a 93 76 568
a 76 95 711
a 95 76 711
a 76 97 917
a 97 76 917
a 76 98 738
a 98 76 738
a 76 99 821
a 99 76 821
a 77 78 111
a 78 77 111
a 77 79 281
a 79 77 281
a 77 82 880
a 82 77 880
a 77 83 798
a 83 77 798
a 77 86 849
a 86 77 849
a 77 89 533
a 89 77 533
a 77 92 398
a 92 77 398
a 77 93 681
a 93 77 681
a 77 94 464
a 94 77 464
a 77 95 248
a 95 77 248
a 77 97 462
a 97 77 462
a 77 98 582
a 98 77 582
a 77 99 458
a 99 77 458
a 77 100 933
a 100 77 933
a 78 81 469
a 81 78 469
a 78 82 202
a 82 78 202
a 78 83 203
a 83 78 203
a 78 85 977
a 85 78 977
a 78 86 839
a 86 78 839
a 78 88 912
a 88 78 912
a 78 90 312
a 90 78 312
a 78 91 270
a 91 78 270
a 78 92 317
a 92 78 317
a 78 93 914
a 93 78 914
a 78 94 869
a 94 78 869
a 78 95 713
a 95 78 713
a 78 97 235
a 97 78 235
a 78 98 926
a 98 78 926
a 78 99 573
a 99 78 573
a 79 81 699
a 81 79 699
a 79 82 793
a 82 79 793
a 79 85 194
a 85 79 194
a 79 87 497
a 87 79 497
a 79 88 277
a 88 79 277
a 79 90 676
a 90 79 676
a 79 92 836
a 92 79 836
a 79 96 610
a 96 79 610
a 79 99 537
a 99 79 537
a 80 82 432
a 82 80 432
a 80 83 783
a 83 80 783
a 80 84 882
a 84 80 882
a 80 85 449
a 85 80 449
a 80 88 851
a 88 80 851
a 80 89 621
a 89 80 621
a 80 91 507
a 91 80 507
a 80 92 558
a 92 80 558
a 80 93 900
a 93 80 900
a 80 95 713
a 95 80 713
a 80 97 629
a 97 80 629
a 80 99 892
a 99 80 892
a 80 100 562
a 100 80 562
a 81 82 130
a 82 81 130
a 81 83 714
a 83 81 714
a 81 84 228
a 84 81 228
a 81 85 530
a 85 81 530
a 81 88 941
a 88 81 941
a 81 91 212
a 91 81 212
a 81 92 467
a 92 81 467
a 81 93 864
a 93 81 864
a 81 94 875
a 94 81 875
a 81 95 556
a 95 81 556
a 81 96 634
a 96 81 634
a 81 97 869
a 97 81 869
a 81 98 925
a 98 81 925
a 81 99 442
a 99 81 442
a 82 83 669
a 83 82 669
a 82 84 696
a 84 82 696
a 82 85 613
a 85 82 613
a 82 86 484
a 86 82 484
a 82 87 528
a 87 82 528
a 82 90 784
a 90 82 784
a 82 91 802
a 91 82 802
a 82 92 420
a 92 82 420
a 82 93 560
a 93 82 560
a 82 94 614
a 94 82 614
a 82 96 678
a 96 82 678
a 82 97 404
a 97 82 404
a 83 84 333
a 84 83 333
a 83 85 536
a 85 83 536
a 83 86 280
a 86 83 280
a 83 87 125
a 87 83 125
a 83 88 197
a 88 83 197
a 83 90 235
a 90 83 235
a 83 91 731
a 91 83 731
a 83 96 782
a 96 83 782
a 83 99 416
a 99 83 416
a 84 85 522
a 85 84 522
a 84 86 726
a 86 84 726
a 84 87 685
a 87 84 685
a 84 91 150
a 91 84 150
a 84 93 998
a 93 84 998
a 84 94 361
a 94 84 361
a 84 95 663
a 95 84 663
a 84 96 291
a 96 84 291
a 84 97 111
a 97 84 111
a 84 99 615
a 99 84 615
a 85 88 470
a 88 85 470
a 85 89 726
a 89 85 726
a 85 92 971
a 92 85 971
a 85 93 877
a 93 85 877
a 85 97 452
a 97 85 452
a 85 99 616
a 99 85 616
a 86 87 830
a 87 86 830
a 86 88 746
a 88 86 746
a 86 89 635
a 89 86 635
a 86 92 126
a 92 86 126
a 86 93 173
a 93 86 173
a 86 95 373
a 95 86 373
a 86 97 168
a 97 86 168
a 86 99 401
a 99 86 401
a 86 100 546
a 100 86 546
a 87 88 325
a 88 87 325
a 87 91 906
a 91 87 906
a 87 92 682
a 92 87 682
a 87 93 766
a 93 87 766
a 87 94 242
a 94 87 242
a 87 95 765
a 95 87 765
a 87 98 656
a 98 87 656
a 87 99 923
a 99 87 923
a 87 100 837
a 100 87 837
a 88 89 550
a 89 88 550
a 88 90 476
a 90 88 476
a 88 91 588
a 91 88 588
a 88 93 498
a 93 88 498
a 88 98 353
a 98 88 353
a 89 90 332
a 90 89 332
a 89 91 363
a 91 89 363
a 89 93 683
a 93 89 683
a 89 94 629
a 94 89 629
a 89 96 130
a 96 89 130
a 89 97 706
a 97 89 706
a 89 99 846
a 99 89 846
a 90 91 475
a 91 90 475
a 90 92 413
a 92 90 413
a 90 93 913
a 93 90 913
a 90 94 192
a 94 90 192
a 90 95 583
a 95 90 583
a 90 96 172
a 96 90 172
a 90 98 312
a 98 90 312
a 90 99 996
a 99 90 996
a 91 92 516
a 92 91 516
a 91 94 156
a 94 91 156
a 91 95 157
a 95 91 157
a 91 97 758
a 97 91 758
a 91 99 562
a 99 91 562
a 91 100 708
a 100 91 708
a 92 94 404
a 94 92 404
a 92 95 219
a 95 92 219
a 92 97 717
a 97 92 717
a 92 98 122
a 98 92 122
a 92 100 233
a 100 92 233
a 93 94 251
a 94 93 251
a 93 95 862
a 95 93 862
a 93 96 663
a 96 93 663
a 93 98 649
a 98 93 649
a 93 99 943
a 99 93 943
a 93 100 568
a 100 93 568
a 94 95 134
a 95 94 134
a 94 96 136
a 96 94 136
a 94 98 161
a 98 94 161
a 94 99 926
a 99 94 926
a 95 96 899
a 96 95 899
a 95 97 452
a 97 95 452
a 95 98 992
a 98 95 992
a 95 100 363
a 100 95 363
a 96 98 330
a 98 96 330
a 96 99 640
a 99 96 640
a 97 98 918
a 98 97 918
a 98 99 406
a 99 98 406
