p sp 100 7698
c
a 1 3 817
a 3 1 817
a 1 4 144
a 4 1 144
a 1 5 947
a 5 1 947
a 1 6 790
a 6 1 790
a 1 8 598
a 8 1 598
a 1 9 216
a 9 1 216
a 1 10 549
a 10 1 549
a 1 11 523
a 11 1 523
a 1 12 722
a 12 1 722
a 1 13 752
a 13 1 752
a 1 14 730
a 14 1 730
a 1 17 647
a 17 1 647
a 1 19 194
a 19 1 194
a 1 22 387
a 22 1 387
a 1 23 535
a 23 1 535
a 1 24 321
a 24 1 321
a 1 25 250
a 25 1 250
a 1 26 774
a 26 1 774
a 1 27 120
a 27 1 120
a 1 29 244
a 29 1 244
a 1 32 411
a 32 1 411
a 1 34 198
a 34 1 198
a 1 36 514
a 36 1 514
a 1 39 351
a 39 1 351
a 1 40 846
a 40 1 846
a 1 41 881
a 41 1 881
a 1 42 350
a 42 1 350
a 1 43 266
a 43 1 266
a 1 44 872
a 44 1 872
a 1 45 729
a 45 1 729
a 1 46 947
a 46 1 947
a 1 47 816
a 47 1 816
a 1 49 188
a 49 1 188
a 1 50 432
a 50 1 432
a 1 51 940
a 51 1 940
a 1 52 398
a 52 1 398
a 1 54 841
a 54 1 841
a 1 56 780
a 56 1 780
a 1 57 895
a 57 1 895
a 1 58 139
a 58 1 139
a 1 59 467
a 59 1 467
a 1 60 806
a 60 1 806
a 1 61 884
a 61 1 884
a 1 62 422
a 62 1 422
a 1 63 649
a 63 1 649
a 1 64 432
a 64 1 432
a 1 65 418
a 65 1 418
a 1 67 288
a 67 1 288
a 1 68 642
a 68 1 642
a 1 72 893
a 72 1 893
a 1 73 335
a 73 1 335
a 1 75 120
a 75 1 120
a 1 76 730
a 76 1 730
a 1 77 485
a 77 1 485
a 1 79 732
a 79 1 732
a 1 80 935
a 80 1 935
a 1 81 360
a 81 1 360
a 1 82 941
a 82 1 941
a 1 83 416
a 83 1 416
a 1 84 942
a 84 1 942
a 1 85 838
a 85 1 838
a 1 86 173
a 86 1 173
a 1 87 171
a 87 1 171
a 1 89 100
a 89 1 100
a 1 90 381
a 90 1 381
a 1 91 398
a 91 1 398
a 1 92 105
a 92 1 105
a 1 93 980
a 93 1 980
a 1 95 542
a 95 1 542
a 1 96 533
a 96 1 533
a 1 97 456
a 97 1 456
a 1 98 557
a 98 1 557
a 1 100 334
a 100 1 334
a 2 3 134
a 3 2 134
a 2 4 894
a 4 2 894
a 2 9 459
a 9 2 459
a 2 10 821
a 10 2 821
a 2 12 336
a 12 2 336
a 2 14 929
a 14 2 929
a 2 15 602
a 15 2 602
a 2 16 243
a 16 2 243
a 2 18 211
a 18 2 211
a 2 19 325
a 19 2 325
a 2 20 918
a 20 2 918
a 2 21 529
a 21 2 529
a 2 22 460
a 22 2 460
a 2 23 109
a 23 2 109
a 2 24 362
a 24 2 362
a 2 25 850
a 25 2 850
a 2 27 407
a 27 2 407
a 2 31 702
a 31 2 702
a 2 32 630
a 32 2 630
a 2 33 925
a 33 2 925
a 2 34 819
a 34 2 819
a 2 36 521
a 36 2 521
a 2 38 377
a 38 2 377
a 2 41 448
a 41 2 448
a 2 43 149
a 43 2 149
a 2 44 708
a 44 2 708
a 2 45 587
a 45 2 587
a 2 46 997
a 46 2 997
a 2 47 688
a 47 2 688
a 2 48 851
a 48 2 851
a 2 49 626
a 49 2 626
a 2 52 330
a 52 2 330
a 2 53 227
a 53 2 227
a 2 55 912
a 55 2 912
a 2 56 759
a 56 2 759
a 2 57 856
a 57 2 856
a 2 58 883
a 58 2 883
a 2 59 417
a 59 2 417
a 2 60 854
a 60 2 854
a 2 62 505
a 62 2 505
a 2 64 270
a 64 2 270
a 2 66 582
a 66 2 582
a 2 67 412
a 67 2 412
a 2 68 705
a 68 2 705
a 2 69 776
a 69 2 776
a 2 70 543
a 70 2 543
a 2 71 123
a 71 2 123
a 2 73 959
a 73 2 959
a 2 74 234
a 74 2 234
a 2 75 232
a 75 2 232
a 2 76 152
a 76 2 152
a 2 77 507
a 77 2 507
a 2 78 761
a 78 2 761
a 2 79 977
a 79 2 977
a 2 80 421
a 80 2 421
a 2 81 773
a 81 2 773
a 2 82 192
a 82 2 192
a 2 83 295
a 83 2 295
a 2 84 617
a 84 2 617
a 2 85 447
a 85 2 447
a 2 86 784
a 86 2 784
a 2 87 449
a 87 2 449
a 2 88 625
a 88 2 625
a 2 89 244
a 89 2 244
a 2 90 245
a 90 2 245
a 2 91 369
a 91 2 369
a 2 92 272
a 92 2 272
a 2 93 940
a 93 2 940
a 2 94 432
a 94 2 432
a 2 95 794
a 95 2 794
a 2 96 565
a 96 2 565
a 2 97 780
a 97 2 780
a 2 98 897
a 98 2 897
a 2 99 308
a 99 2 308
a 2 100 919
a 100 2 919
a 3 4 828
a 4 3 828
a 3 5 540
a 5 3 540
a 3 6 453
a 6 3 453
a 3 7 762
a 7 3 762
a 3 8 352
a 8 3 352
a 3 9 733
a 9 3 733
a 3 10 127
a 10 3 127
a 3 11 975
a 11 3 975
a 3 12 572
a 12 3 572
a 3 14 444
a 14 3 444
a 3 15 230
a 15 3 230
a 3 16 910
a 16 3 910
a 3 17 569
a 17 3 569
a 3 18 367
a 18 3 367
a 3 19 818
a 19 3 818
a 3 20 386
a 20 3 386
a 3 21 290
a 21 3 290
a 3 22 431
a 22 3 431
a 3 24 596
a 24 3 596
a 3 25 976
a 25 3 976
a 3 26 459
a 26 3 459
a 3 27 843
a 27 3 843
a 3 28 527
a 28 3 527
a 3 30 410
a 30 3 410
a 3 32 953
a 32 3 953
a 3 33 718
a 33 3 718
a 3 35 434
a 35 3 434
a 3 36 142
a 36 3 142
a 3 39 161
a 39 3 161
a 3 41 248
a 41 3 248
a 3 42 967
a 42 3 967
a 3 47 914
a 47 3 914
a 3 48 722
a 48 3 722
a 3 49 508
a 49 3 508
a 3 50 422
a 50 3 422
a 3 51 831
a 51 3 831
a 3 52 285
a 52 3 285
a 3 53 696
a 53 3 696
a 3 54 760
a 54 3 760
a 3 55 511
a 55 3 511
a 3 56 150
a 56 3 150
a 3 57 754
a 57 3 754
a 3 58 348
a 58 3 348
a 3 59 564
a 59 3 564
a 3 60 230
a 60 3 230
a 3 61 614
a 61 3 614
a 3 62 177
a 62 3 177
a 3 63 429
a 63 3 429
a 3 64 227
a 64 3 227
a 3 65 668
a 65 3 668
a 3 67 249
a 67 3 249
a 3 68 254
a 68 3 254
a 3 69 496
a 69 3 496
a 3 71 880
a 71 3 880
a 3 72 768
a 72 3 768
a 3 73 845
a 73 3 845
a 3 74 837
a 74 3 837
a 3 76 599
a 76 3 599
a 3 77 312
a 77 3 312
a 3 78 433
a 78 3 433
a 3 79 614
a 79 3 614
a 3 80 748
a 80 3 748
a 3 81 748
a 81 3 748
a 3 82 113
a 82 3 113
a 3 84 362
a 84 3 362
a 3 86 121
a 86 3 121
a 3 87 847
a 87 3 847
a 3 88 415
a 88 3 415
a 3 89 585
a 89 3 585
a 3 91 705
a 91 3 705
a 3 93 317
a 93 3 317
a 3 94 805
a 94 3 805
a 3 95 499
a 95 3 499
a 3 96 525
a 96 3 525
a 3 97 211
a 97 3 211
a 3 98 444
a 98 3 444
a 3 99 827
a 99 3 827
a 3 100 760
a 100 3 760
a 4 6 992
a 6 4 992
a 4 7 721
a 7 4 721
a 4 8 693
a 8 4 693
a 4 9 541
a 9 4 541
a 4 10 497
a 10 4 497
a 4 11 761
a 11 4 761
a 4 12 444
a 12 4 444
a 4 13 965
a 13 4 965
a 4 14 848
a 14 4 848
a 4 16 951
a 16 4 951
a 4 17 961
a 17 4 961
a 4 20 283
a 20 4 283
a 4 23 574
a 23 4 574
a 4 25 841
a 25 4 841
a 4 26 968
a 26 4 968
a 4 27 439
a 27 4 439
a 4 28 440
a 28 4 440
a 4 29 583
a 29 4 583
a 4 30 928
a 30 4 928
a 4 31 706
a 31 4 706
a 4 32 765
a 32 4 765
a 4 33 706
a 33 4 706
a 4 35 207
a 35 4 207
a 4 36 644
a 36 4 644
a 4 37 317
a 37 4 317
a 4 38 138
a 38 4 138
a 4 43 244
a 43 4 244
a 4 44 490
a 44 4 490
a 4 45 362
a 45 4 362
a 4 46 250
a 46 4 250
a 4 47 148
a 47 4 148
a 4 48 767
a 48 4 767
a 4 49 173
a 49 4 173
a 4 51 326
a 51 4 326
a 4 53 126
a 53 4 126
a 4 54 576
a 54 4 576
a 4 55 770
a 55 4 770
a 4 56 270
a 56 4 270
a 4 58 417
a 58 4 417
a 4 60 528
a 60 4 528
a 4 61 930
a 61 4 930
a 4 63 570
a 63 4 570
a 4 65 385
a 65 4 385
a 4 66 178
a 66 4 178
a 4 67 488
a 67 4 488
a 4 70 424
a 70 4 424
a 4 71 775
a 71 4 775
a 4 74 454
a 74 4 454
a 4 76 589
a 76 4 589
a 4 77 561
a 77 4 561
a 4 78 606
a 78 4 606
a 4 79 322
a 79 4 322
a 4 80 466
a 80 4 466
a 4 81 992
a 81 4 992
a 4 82 663
a 82 4 663
a 4 83 326
a 83 4 326
a 4 84 451
a 84 4 451
a 4 85 486
a 85 4 486
a 4 86 304
a 86 4 304
a 4 87 404
a 87 4 404
a 4 88 505
a 88 4 505
a 4 89 381
a 89 4 381
a 4 90 833
a 90 4 833
a 4 91 301
a 91 4 301
a 4 93 405
a 93 4 405
a 4 94 748
a 94 4 748
a 4 95 296
a 95 4 296
a 4 96 988
a 96 4 988
a 4 97 334
a 97 4 334
a 4 98 349
a 98 4 349
a 4 99 645
a 99 4 645
a 4 100 281
a 100 4 281
a 5 6 641
a 6 5 641
a 5 9 365
a 9 5 365
a 5 10 752
a 10 5 752
a 5 11 969
a 11 5 969
a 5 16 340
a 16 5 340
a 5 21 775
a 21 5 775
a 5 23 481
a 23 5 481
a 5 25 861
a 25 5 861
a 5 27 322
a 27 5 322
a 5 28 984
a 28 5 984
a 5 29 774
a 29 5 774
a 5 30 824
a 30 5 824
a 5 32 878
a 32 5 878
a 5 34 741
a 34 5 741
a 5 36 666
a 36 5 666
a 5 37 499
a 37 5 499
a 5 41 562
a 41 5 562
a 5 42 790
a 42 5 790
a 5 43 755
a 43 5 755
a 5 44 275
a 44 5 275
a 5 45 370
a 45 5 370
a 5 46 290
a 46 5 290
a 5 47 671
a 47 5 671
a 5 48 839
a 48 5 839
a 5 49 678
a 49 5 678
a 5 50 223
a 50 5 223
a 5 53 602
a 53 5 602
a 5 54 611
a 54 5 611
a 5 56 210
a 56 5 210
a 5 57 546
a 57 5 546
a 5 59 559
a 59 5 559
a 5 61 137
a 61 5 137
a 5 62 439
a 62 5 439
a 5 63 412
a 63 5 412
a 5 64 703
a 64 5 703
a 5 65 926
a 65 5 926
a 5 67 271
a 67 5 271
a 5 69 210
a 69 5 210
a 5 70 703
a 70 5 703
a 5 71 350
a 71 5 350
a 5 73 324
a 73 5 324
a 5 74 714
a 74 5 714
a 5 75 458
a 75 5 458
a 5 76 233
a 76 5 233
a 5 77 428
a 77 5 428
a 5 78 443
a 78 5 443
a 5 79 183
a 79 5 183
a 5 82 803
a 82 5 803
a 5 83 963
a 83 5 963
a 5 84 843
a 84 5 843
a 5 85 839
a 85 5 839
a 5 87 825
a 87 5 825
a 5 88 587
a 88 5 587
a 5 89 201
a 89 5 201
a 5 91 600
a 91 5 600
a 5 92 681
a 92 5 681
a 5 93 349
a 93 5 349
a 5 94 404
a 94 5 404
a 5 95 219
a 95 5 219
a 5 96 506
a 96 5 506
a 5 97 498
a 97 5 498
a 5 99 456
a 99 5 456
a 5 100 675
a 100 5 675
a 6 7 929
a 7 6 929
a 6 8 708
a 8 6 708
a 6 9 191
a 9 6 191
a 6 10 738
a 10 6 738
a 6 11 725
a 11 6 725
a 6 12 350
a 12 6 350
a 6 14 360
a 14 6 360
a 6 16 539
a 16 6 539
a 6 17 355
a 17 6 355
a 6 18 357
a 18 6 357
a 6 19 497
a 19 6 497
a 6 20 453
a 20 6 453
a 6 21 356
a 21 6 356
a 6 22 503
a 22 6 503
a 6 23 315
a 23 6 315
a 6 26 512
a 26 6 512
a 6 29 885
a 29 6 885
a 6 31 208
a 31 6 208
a 6 33 968
a 33 6 968
a 6 35 344
a 35 6 344
a 6 37 164
a 37 6 164
a 6 38 425
a 38 6 425
a 6 39 731
a 39 6 731
a 6 40 813
a 40 6 813
a 6 41 403
a 41 6 403
a 6 42 556
a 42 6 556
a 6 43 453
a 43 6 453
a 6 44 754
a 44 6 754
a 6 46 659
a 46 6 659
a 6 48 542
a 48 6 542
a 6 50 560
a 50 6 560
a 6 51 515
a 51 6 515
a 6 52 663
a 52 6 663
a 6 54 506
a 54 6 506
a 6 56 594
a 56 6 594
a 6 57 115
a 57 6 115
a 6 58 808
a 58 6 808
a 6 59 483
a 59 6 483
a 6 60 675
a 60 6 675
a 6 61 862
a 61 6 862
a 6 62 179
a 62 6 179
a 6 63 136
a 63 6 136
a 6 65 669
a 65 6 669
a 6 66 245
a 66 6 245
a 6 67 112
a 67 6 112
a 6 68 778
a 68 6 778
a 6 69 994
a 69 6 994
a 6 71 235
a 71 6 235
a 6 73 679
a 73 6 679
a 6 74 286
a 74 6 286
a 6 75 846
a 75 6 846
a 6 76 783
a 76 6 783
a 6 77 420
a 77 6 420
a 6 79 994
a 79 6 994
a 6 80 696
a 80 6 696
a 6 81 467
a 81 6 467
a 6 83 455
a 83 6 455
a 6 84 888
a 84 6 888
a 6 85 197
a 85 6 197
a 6 86 764
a 86 6 764
a 6 87 668
a 87 6 668
a 6 88 473
a 88 6 473
a 6 89 544
a 89 6 544
a 6 90 216
a 90 6 216
a 6 91 357
a 91 6 357
a 6 92 779
a 92 6 779
a 6 93 516
a 93 6 516
a 6 94 543
a 94 6 543
a 6 95 765
a 95 6 765
a 6 96 108
a 96 6 108
a 6 97 652
a 97 6 652
a 6 98 165
a 98 6 165
a 6 99 676
a 99 6 676
a 6 100 399
a 100 6 399
a 7 10 405
a 10 7 405
a 7 14 307
a 14 7 307
a 7 17 498
a 17 7 498
a 7 18 431
a 18 7 431
a 7 19 665
a 19 7 665
a 7 20 631
a 20 7 631
a 7 22 220
a 22 7 220
a 7 24 980
a 24 7 980
a 7 25 917
a 25 7 917
a 7 26 565
a 26 7 565
a 7 30 355
a 30 7 355
a 7 31 498
a 31 7 498
a 7 32 272
a 32 7 272
a 7 33 810
a 33 7 810
a 7 34 153
a 34 7 153
a 7 35 164
a 35 7 164
a 7 36 801
a 36 7 801
a 7 37 163
a 37 7 163
a 7 39 858
a 39 7 858
a 7 42 119
a 42 7 119
a 7 44 702
a 44 7 702
a 7 45 228
a 45 7 228
a 7 47 728
a 47 7 728
a 7 48 289
a 48 7 289
a 7 49 596
a 49 7 596
a 7 51 911
a 51 7 911
a 7 52 644
a 52 7 644
a 7 53 137
a 53 7 137
a 7 54 813
a 54 7 813
a 7 55 200
a 55 7 200
a 7 57 609
a 57 7 609
a 7 58 409
a 58 7 409
a 7 59 824
a 59 7 824
a 7 60 533
a 60 7 533
a 7 61 572
a 61 7 572
a 7 62 699
a 62 7 699
a 7 63 618
a 63 7 618
a 7 65 876
a 65 7 876
a 7 66 538
a 66 7 538
a 7 67 498
a 67 7 498
a 7 68 269
a 68 7 269
a 7 69 354
a 69 7 354
a 7 70 574
a 70 7 574
a 7 71 707
a 71 7 707
a 7 73 681
a 73 7 681
a 7 74 482
a 74 7 482
a 7 76 390
a 76 7 390
a 7 77 101
a 77 7 101
a 7 78 703
a 78 7 703
a 7 79 719
a 79 7 719
a 7 80 159
a 80 7 159
a 7 81 822
a 81 7 822
a 7 82 846
a 82 7 846
a 7 84 500
a 84 7 500
a 7 85 208
a 85 7 208
a 7 86 694
a 86 7 694
a 7 87 635
a 87 7 635
a 7 88 761
a 88 7 761
a 7 89 271
a 89 7 271
a 7 90 657
a 90 7 657
a 7 91 463
a 91 7 463
a 7 92 945
a 92 7 945
a 7 93 726
a 93 7 726
a 7 94 759
a 94 7 759
a 7 95 296
a 95 7 296
a 7 96 290
a 96 7 290
a 7 97 826
a 97 7 826
a 7 98 687
a 98 7 687
a 7 99 260
a 99 7 260
a 7 100 733
a 100 7 733
a 8 9 815
a 9 8 815
a 8 10 861
a 10 8 861
a 8 11 934
a 11 8 934
a 8 13 200
a 13 8 200
a 8 15 416
a 15 8 416
a 8 16 718
a 16 8 718
a 8 17 229
a 17 8 229
a 8 19 528
a 19 8 528
a 8 23 179
a 23 8 179
a 8 24 209
a 24 8 209
a 8 25 198
a 25 8 198
a 8 26 778
a 26 8 778
a 8 27 445
a 27 8 445
a 8 31 907
a 31 8 907
a 8 32 862
a 32 8 862
a 8 33 174
a 33 8 174
a 8 36 671
a 36 8 671
a 8 37 428
a 37 8 428
a 8 38 953
a 38 8 953
a 8 39 726
a 39 8 726
a 8 42 357
a 42 8 357
a 8 43 222
a 43 8 222
a 8 44 905
a 44 8 905
a 8 45 536
a 45 8 536
a 8 47 196
a 47 8 196
a 8 48 683
a 48 8 683
a 8 50 803
a 50 8 803
a 8 51 828
a 51 8 828
a 8 54 937
a 54 8 937
a 8 55 811
a 55 8 811
a 8 57 460
a 57 8 460
a 8 58 607
a 58 8 607
a 8 59 981
a 59 8 981
a 8 60 562
a 60 8 562
a 8 61 428
a 61 8 428
a 8 63 777
a 63 8 777
a 8 64 463
a 64 8 463
a 8 65 971
a 65 8 971
a 8 66 387
a 66 8 387
a 8 67 759
a 67 8 759
a 8 68 436
a 68 8 436
a 8 70 865
a 70 8 865
a 8 71 760
a 71 8 760
a 8 72 393
a 72 8 393
a 8 73 719
a 73 8 719
a 8 74 588
a 74 8 588
a 8 75 717
a 75 8 717
a 8 76 757
a 76 8 757
a 8 77 205
a 77 8 205
a 8 78 411
a 78 8 411
a 8 79 710
a 79 8 710
a 8 82 295
a 82 8 295
a 8 83 125
a 83 8 125
a 8 84 529
a 84 8 529
a 8 85 675
a 85 8 675
a 8 88 563
a 88 8 563
a 8 89 649
a 89 8 649
a 8 90 337
a 90 8 337
a 8 92 119
a 92 8 119
a 8 93 604
a 93 8 604
a 8 94 932
a 94 8 932
a 8 95 201
a 95 8 201
a 8 96 362
a 96 8 362
a 8 97 190
a 97 8 190
a 8 98 329
a 98 8 329
a 8 99 422
a 99 8 422
a 8 100 771
a 100 8 771
a 9 11 333
a 11 9 333
a 9 13 521
a 13 9 521
a 9 15 628
a 15 9 628
a 9 16 869
a 16 9 869
a 9 17 125
a 17 9 125
a 9 22 959
a 22 9 959
a 9 24 449
a 24 9 449
a 9 25 570
a 25 9 570
a 9 26 874
a 26 9 874
a 9 27 918
a 27 9 918
a 9 29 114
a 29 9 114
a 9 30 146
a 30 9 146
a 9 32 943
a 32 9 943
a 9 33 518
a 33 9 518
a 9 35 448
a 35 9 448
a 9 36 708
a 36 9 708
a 9 37 669
a 37 9 669
a 9 38 636
a 38 9 636
a 9 39 443
a 39 9 443
a 9 40 185
a 40 9 185
a 9 41 649
a 41 9 649
a 9 43 729
a 43 9 729
a 9 46 834
a 46 9 834
a 9 48 126
a 48 9 126
a 9 49 365
a 49 9 365
a 9 50 786
a 50 9 786
a 9 51 841
a 51 9 841
a 9 52 679
a 52 9 679
a 9 56 997
a 56 9 997
a 9 57 306
a 57 9 306
a 9 60 873
a 60 9 873
a 9 61 283
a 61 9 283
a 9 62 949
a 62 9 949
a 9 64 641
a 64 9 641
a 9 65 630
a 65 9 630
a 9 66 604
a 66 9 604
a 9 67 842
a 67 9 842
a 9 68 155
a 68 9 155
a 9 70 864
a 70 9 864
a 9 74 518
a 74 9 518
a 9 75 784
a 75 9 784
a 9 77 852
a 77 9 852
a 9 78 223
a 78 9 223
a 9 79 547
a 79 9 547
a 9 80 703
a 80 9 703
a 9 81 229
a 81 9 229
a 9 82 106
a 82 9 106
a 9 83 526
a 83 9 526
a 9 84 688
a 84 9 688
a 9 85 541
a 85 9 541
a 9 86 773
a 86 9 773
a 9 87 364
a 87 9 364
a 9 90 123
a 90 9 123
a 9 91 245
a 91 9 245
a 9 92 765
a 92 9 765
a 9 96 440
a 96 9 440
a 9 98 963
a 98 9 963
a 9 99 558
a 99 9 558
a 9 100 285
a 100 9 285
a 10 11 268
a 11 10 268
a 10 12 139
a 12 10 139
a 10 13 704
a 13 10 704
a 10 14 423
a 14 10 423
a 10 16 808
a 16 10 808
a 10 17 834
a 17 10 834
a 10 19 840
a 19 10 840
a 10 22 878
a 22 10 878
a 10 24 237
a 24 10 237
a 10 25 393
a 25 10 393
a 10 26 299
a 26 10 299
a 10 28 140
a 28 10 140
a 10 29 703
a 29 10 703
a 10 30 867
a 30 10 867
a 10 31 645
a 31 10 645
a 10 33 946
a 33 10 946
a 10 36 682
a 36 10 682
a 10 37 817
a 37 10 817
a 10 38 197
a 38 10 197
a 10 39 695
a 39 10 695
a 10 40 658
a 40 10 658
a 10 41 296
a 41 10 296
a 10 43 902
a 43 10 902
a 10 44 973
a 44 10 973
a 10 45 497
a 45 10 497
a 10 46 422
a 46 10 422
a 10 47 573
a 47 10 573
a 10 49 439
a 49 10 439
a 10 51 337
a 51 10 337
a 10 52 822
a 52 10 822
a 10 53 191
a 53 10 191
a 10 55 349
a 55 10 349
a 10 58 964
a 58 10 964
a 10 59 264
a 59 10 264
a 10 60 786
a 60 10 786
a 10 61 758
a 61 10 758
a 10 62 507
a 62 10 507
a 10 63 676
a 63 10 676
a 10 64 312
a 64 10 312
a 10 67 804
a 67 10 804
a 10 68 257
a 68 10 257
a 10 69 612
a 69 10 612
a 10 71 200
a 71 10 200
a 10 72 414
a 72 10 414
a 10 73 987
a 73 10 987
a 10 74 687
a 74 10 687
a 10 75 886
a 75 10 886
a 10 76 169
a 76 10 169
a 10 77 178
a 77 10 178
a 10 78 176
a 78 10 176
a 10 80 943
a 80 10 943
a 10 81 914
a 81 10 914
a 10 83 847
a 83 10 847
a 10 84 799
a 84 10 799
a 10 85 154
a 85 10 154
a 10 86 732
a 86 10 732
a 10 87 808
a 87 10 808
a 10 89 446
a 89 10 446
a 10 90 292
a 90 10 292
a 10 91 472
a 91 10 472
a 10 92 871
a 92 10 871
a 10 93 904
a 93 10 904
a 10 94 126
a 94 10 126
a 10 95 529
a 95 10 529
a 10 96 509
a 96 10 509
a 10 97 566
a 97 10 566
a 10 98 610
a 98 10 610
a 10 99 945
a 99 10 945
a 10 100 182
a 100 10 182
a 11 13 741
a 13 11 741
a 11 14 302
a 14 11 302
a 11 17 516
a 17 11 516
a 11 18 250
a 18 11 250
a 11 21 973
a 21 11 973
a 11 22 279
a 22 11 279
a 11 23 345
a 23 11 345
a 11 24 850
a 24 11 850
a 11 25 518
a 25 11 518
a 11 26 123
a 26 11 123
a 11 27 618
a 27 11 618
a 11 28 987
a 28 11 987
a 11 30 899
a 30 11 899
a 11 33 838
a 33 11 838
a 11 34 593
a 34 11 593
a 11 36 721
a 36 11 721
a 11 38 253
a 38 11 253
a 11 39 241
a 39 11 241
a 11 40 101
a 40 11 101
a 11 41 580
a 41 11 580
a 11 42 480
a 42 11 480
a 11 44 413
a 44 11 413
a 11 45 593
a 45 11 593
a 11 46 355
a 46 11 355
a 11 48 197
a 48 11 197
a 11 51 863
a 51 11 863
a 11 52 565
a 52 11 565
a 11 53 638
a 53 11 638
a 11 55 334
a 55 11 334
a 11 56 444
a 56 11 444
a 11 57 873
a 57 11 873
a 11 59 909
a 59 11 909
a 11 61 154
a 61 11 154
a 11 62 462
a 62 11 462
a 11 63 217
a 63 11 217
a 11 64 941
a 64 11 941
a 11 65 174
a 65 11 174
a 11 66 330
a 66 11 330
a 11 67 242
a 67 11 242
a 11 68 457
a 68 11 457
a 11 69 295
a 69 11 295
a 11 70 220
a 70 11 220
a 11 71 436
a 71 11 436
a 11 72 161
a 72 11 161
a 11 73 247
a 73 11 247
a 11 74 318
a 74 11 318
a 11 75 678
a 75 11 678
a 11 76 589
a 76 11 589
a 11 77 778
a 77 11 778
a 11 79 947
a 79 11 947
a 11 81 484
a 81 11 484
a 11 82 450
a 82 11 450
a 11 83 621
a 83 11 621
a 11 84 264
a 84 11 264
a 11 86 494
a 86 11 494
a 11 87 389
a 87 11 389
a 11 88 940
a 88 11 940
a 11 89 720
a 89 11 720
a 11 91 211
a 91 11 211
a 11 92 335
a 92 11 335
a 11 93 663
a 93 11 663
a 11 96 318
a 96 11 318
a 11 97 758
a 97 11 758
a 11 98 907
a 98 11 907
a 11 99 602
a 99 11 602
a 11 100 500
a 100 11 500
a 12 13 231
a 13 12 231
a 12 14 877
a 14 12 877
a 12 15 213
a 15 12 213
a 12 20 546
a 20 12 546
a 12 21 959
a 21 12 959
a 12 22 203
a 22 12 203
a 12 25 343
a 25 12 343
a 12 26 880
a 26 12 880
a 12 29 763
a 29 12 763
a 12 30 107
a 30 12 107
a 12 32 491
a 32 12 491
a 12 34 800
a 34 12 800
a 12 35 259
a 35 12 259
a 12 36 691
a 36 12 691
a 12 37 480
a 37 12 480
a 12 38 730
a 38 12 730
a 12 39 859
a 39 12 859
a 12 41 406
a 41 12 406
a 12 42 167
a 42 12 167
a 12 44 542
a 44 12 542
a 12 45 453
a 45 12 453
a 12 46 192
a 46 12 192
a 12 47 923
a 47 12 923
a 12 48 503
a 48 12 503
a 12 49 105
a 49 12 105
a 12 50 960
a 50 12 960
a 12 51 344
a 51 12 344
a 12 52 273
a 52 12 273
a 12 53 576
a 53 12 576
a 12 54 333
a 54 12 333
a 12 55 442
a 55 12 442
a 12 57 849
a 57 12 849
a 12 58 545
a 58 12 545
a 12 59 138
a 59 12 138
a 12 60 701
a 60 12 701
a 12 62 345
a 62 12 345
a 12 63 269
a 63 12 269
a 12 64 763
a 64 12 763
a 12 66 319
a 66 12 319
a 12 67 774
a 67 12 774
a 12 69 756
a 69 12 756
a 12 71 496
a 71 12 496
a 12 73 399
a 73 12 399
a 12 74 750
a 74 12 750
a 12 75 567
a 75 12 567
a 12 76 825
a 76 12 825
a 12 77 704
a 77 12 704
a 12 79 366
a 79 12 366
a 12 80 521
a 80 12 521
a 12 81 746
a 81 12 746
a 12 82 931
a 82 12 931
a 12 83 888
a 83 12 888
a 12 84 549
a 84 12 549
a 12 85 446
a 85 12 446
a 12 87 966
a 87 12 966
a 12 88 294
a 88 12 294
a 12 89 829
a 89 12 829
a 12 90 962
a 90 12 962
a 12 91 220
a 91 12 220
a 12 92 492
a 92 12 492
a 12 93 501
a 93 12 501
a 12 94 212
a 94 12 212
a 12 95 485
a 95 12 485
a 12 96 991
a 96 12 991
a 12 97 892
a 97 12 892
a 12 98 523
a 98 12 523
a 12 99 292
a 99 12 292
a 12 100 499
a 100 12 499
a 13 14 966
a 14 13 966
a 13 15 728
a 15 13 728
a 13 16 130
a 16 13 130
a 13 17 146
a 17 13 146
a 13 18 642
a 18 13 642
a 13 20 445
a 20 13 445
a 13 21 742
a 21 13 742
a 13 22 872
a 22 13 872
a 13 24 187
a 24 13 187
a 13 26 417
a 26 13 417
a 13 29 608
a 29 13 608
a 13 30 187
a 30 13 187
a 13 31 893
a 31 13 893
a 13 32 830
a 32 13 830
a 13 33 976
a 33 13 976
a 13 39 339
a 39 13 339
a 13 43 186
a 43 13 186
a 13 44 308
a 44 13 308
a 13 45 282
a 45 13 282
a 13 46 597
a 46 13 597
a 13 47 103
a 47 13 103
a 13 48 130
a 48 13 130
a 13 49 624
a 49 13 624
a 13 50 133
a 50 13 133
a 13 52 675
a 52 13 675
a 13 53 391
a 53 13 391
a 13 54 635
a 54 13 635
a 13 55 473
a 55 13 473
a 13 56 238
a 56 13 238
a 13 58 155
a 58 13 155
a 13 60 775
a 60 13 775
a 13 62 488
a 62 13 488
a 13 63 793
a 63 13 793
a 13 64 844
a 64 13 844
a 13 65 360
a 65 13 360
a 13 66 242
a 66 13 242
a 13 67 864
a 67 13 864
a 13 69 550
a 69 13 550
a 13 70 730
a 70 13 730
a 13 71 964
a 71 13 964
a 13 73 385
a 73 13 385
a 13 74 432
a 74 13 432
a 13 76 665
a 76 13 665
a 13 77 157
a 77 13 157
a 13 78 834
a 78 13 834
a 13 80 133
a 80 13 133
a 13 81 673
a 81 13 673
a 13 82 315
a 82 13 315
a 13 83 198
a 83 13 198
a 13 84 476
a 84 13 476
a 13 85 876
a 85 13 876
a 13 86 340
a 86 13 340
a 13 87 771
a 87 13 771
a 13 88 444
a 88 13 444
a 13 89 779
a 89 13 779
a 13 90 438
a 90 13 438
a 13 92 679
a 92 13 679
a 13 93 238
a 93 13 238
a 13 94 531
a 94 13 531
a 13 96 562
a 96 13 562
a 13 97 925
a 97 13 925
a 13 98 983
a 98 13 983
a 13 99 798
a 99 13 798
a 13 100 390
a 100 13 390
a 14 15 562
a 15 14 562
a 14 16 933
a 16 14 933
a 14 17 167
a 17 14 167
a 14 18 472
a 18 14 472
a 14 19 776
a 19 14 776
a 14 22 398
a 22 14 398
a 14 25 682
a 25 14 682
a 14 27 158
a 27 14 158
a 14 29 998
a 29 14 998
a 14 30 908
a 30 14 908
a 14 31 574
a 31 14 574
a 14 33 880
a 33 14 880
a 14 34 482
a 34 14 482
a 14 35 793
a 35 14 793
a 14 37 342
a 37 14 342
a 14 39 466
a 39 14 466
a 14 40 279
a 40 14 279
a 14 41 429
a 41 14 429
a 14 42 211
a 42 14 211
a 14 43 995
a 43 14 995
a 14 44 120
a 44 14 120
a 14 45 324
a 45 14 324
a 14 46 903
a 46 14 903
a 14 47 239
a 47 14 239
a 14 49 830
a 49 14 830
a 14 50 288
a 50 14 288
a 14 51 245
a 51 14 245
a 14 52 880
a 52 14 880
a 14 53 873
a 53 14 873
a 14 55 871
a 55 14 871
a 14 56 287
a 56 14 287
a 14 57 261
a 57 14 261
a 14 59 741
a 59 14 741
a 14 61 525
a 61 14 525
a 14 64 851
a 64 14 851
a 14 65 569
a 65 14 569
a 14 66 319
a 66 14 319
a 14 67 166
a 67 14 166
a 14 68 629
a 68 14 629
a 14 69 429
a 69 14 429
a 14 70 650
a 70 14 650
a 14 71 986
a 71 14 986
a 14 72 693
a 72 14 693
a 14 73 652
a 73 14 652
a 14 74 321
a 74 14 321
a 14 77 607
a 77 14 607
a 14 78 231
a 78 14 231
a 14 79 837
a 79 14 837
a 14 80 931
a 80 14 931
a 14 81 720
a 81 14 720
a 14 82 451
a 82 14 451
a 14 83 352
a 83 14 352
a 14 84 101
a 84 14 101
a 14 85 147
a 85 14 147
a 14 86 899
a 86 14 899
a 14 87 632
a 87 14 632
a 14 88 951
a 88 14 951
a 14 89 944
a 89 14 944
a 14 90 397
a 90 14 397
a 14 91 789
a 91 14 789
a 14 92 339
a 92 14 339
a 14 93 312
a 93 14 312
a 14 94 975
a 94 14 975
a 14 95 756
a 95 14 756
a 14 97 571
a 97 14 571
a 14 98 402
a 98 14 402
a 14 100 448
a 100 14 448
a 15 16 847
a 16 15 847
a 15 18 970
a 18 15 970
a 15 21 957
a 21 15 957
a 15 22 639
a 22 15 639
a 15 23 643
a 23 15 643
a 15 24 546
a 24 15 546
a 15 25 628
a 25 15 628
a 15 26 263
a 26 15 263
a 15 29 305
a 29 15 305
a 15 30 810
a 30 15 810
a 15 32 273
a 32 15 273
a 15 34 562
a 34 15 562
a 15 36 670
a 36 15 670
a 15 37 921
a 37 15 921
a 15 39 354
a 39 15 354
a 15 40 564
a 40 15 564
a 15 42 357
a 42 15 357
a 15 43 843
a 43 15 843
a 15 45 109
a 45 15 109
a 15 46 410
a 46 15 410
a 15 48 410
a 48 15 410
a 15 50 196
a 50 15 196
a 15 51 401
a 51 15 401
a 15 52 419
a 52 15 419
a 15 53 836
a 53 15 836
a 15 54 185
a 54 15 185
a 15 55 683
a 55 15 683
a 15 56 395
a 56 15 395
a 15 57 158
a 57 15 158
a 15 59 337
a 59 15 337
a 15 61 984
a 61 15 984
a 15 62 991
a 62 15 991
a 15 63 313
a 63 15 313
a 15 64 810
a 64 15 810
a 15 65 399
a 65 15 399
a 15 66 360
a 66 15 360
a 15 67 560
a 67 15 560
a 15 68 259
a 68 15 259
a 15 69 262
a 69 15 262
a 15 70 532
a 70 15 532
a 15 71 449
a 71 15 449
a 15 72 203
a 72 15 203
a 15 73 238
a 73 15 238
a 15 74 762
a 74 15 762
a 15 75 643
a 75 15 643
a 15 77 430
a 77 15 430
a 15 78 419
a 78 15 419
a 15 79 508
a 79 15 508
a 15 80 134
a 80 15 134
a 15 81 770
a 81 15 770
a 15 83 942
a 83 15 942
a 15 84 708
a 84 15 708
a 15 85 447
a 85 15 447
a 15 86 481
a 86 15 481
a 15 88 836
a 88 15 836
a 15 89 116
a 89 15 116
a 15 90 506
a 90 15 506
a 15 91 238
a 91 15 238
a 15 92 645
a 92 15 645
a 15 95 777
a 95 15 777
a 15 96 519
a 96 15 519
a 15 97 142
a 97 15 142
a 15 98 491
a 98 15 491
a 15 99 778
a 99 15 778
a 15 100 188
a 100 15 188
a 16 17 845
a 17 16 845
a 16 18 575
a 18 16 575
a 16 19 746
a 19 16 746
a 16 21 321
a 21 16 321
a 16 22 509
a 22 16 509
a 16 24 689
a 24 16 689
a 16 25 322
a 25 16 322
a 16 26 428
a 26 16 428
a 16 27 213
a 27 16 213
a 16 28 898
a 28 16 898
a 16 29 425
a 29 16 425
a 16 30 701
a 30 16 701
a 16 32 979
a 32 16 979
a 16 34 732
a 34 16 732
a 16 35 177
a 35 16 177
a 16 37 639
a 37 16 639
a 16 38 108
a 38 16 108
a 16 40 726
a 40 16 726
a 16 42 373
a 42 16 373
a 16 43 332
a 43 16 332
a 16 44 926
a 44 16 926
a 16 45 817
a 45 16 817
a 16 47 976
a 47 16 976
a 16 48 646
a 48 16 646
a 16 49 321
a 49 16 321
a 16 50 676
a 50 16 676
a 16 51 411
a 51 16 411
a 16 53 398
a 53 16 398
a 16 54 376
a 54 16 376
a 16 55 548
a 55 16 548
a 16 56 502
a 56 16 502
a 16 60 226
a 60 16 226
a 16 61 956
a 61 16 956
a 16 62 990
a 62 16 990
a 16 63 106
a 63 16 106
a 16 65 203
a 65 16 203
a 16 66 700
a 66 16 700
a 16 67 389
a 67 16 389
a 16 69 746
a 69 16 746
a 16 70 841
a 70 16 841
a 16 71 246
a 71 16 246
a 16 72 766
a 72 16 766
a 16 75 224
a 75 16 224
a 16 76 841
a 76 16 841
a 16 77 503
a 77 16 503
a 16 78 618
a 78 16 618
a 16 79 210
a 79 16 210
a 16 81 828
a 81 16 828
a 16 82 477
a 82 16 477
a 16 83 317
a 83 16 317
a 16 85 572
a 85 16 572
a 16 86 216
a 86 16 216
a 16 87 893
a 87 16 893
a 16 88 741
a 88 16 741
a 16 89 712
a 89 16 712
a 16 90 856
a 90 16 856
a 16 91 585
a 91 16 585
a 16 93 945
a 93 16 945
a 16 95 484
a 95 16 484
a 16 96 427
a 96 16 427
a 16 97 225
a 97 16 225
a 16 98 945
a 98 16 945
a 16 99 895
a 99 16 895
a 16 100 953
a 100 16 953
a 17 18 415
a 18 17 415
a 17 20 375
a 20 17 375
a 17 21 573
a 21 17 573
a 17 22 548
a 22 17 548
a 17 23 594
a 23 17 594
a 17 25 570
a 25 17 570
a 17 26 798
a 26 17 798
a 17 27 206
a 27 17 206
a 17 28 625
a 28 17 625
a 17 29 339
a 29 17 339
a 17 31 702
a 31 17 702
a 17 32 533
a 32 17 533
a 17 33 466
a 33 17 466
a 17 34 134
a 34 17 134
a 17 35 624
a 35 17 624
a 17 36 204
a 36 17 204
a 17 37 337
a 37 17 337
a 17 38 200
a 38 17 200
a 17 39 149
a 39 17 149
a 17 43 634
a 43 17 634
a 17 44 396
a 44 17 396
a 17 45 948
a 45 17 948
a 17 48 447
a 48 17 447
a 17 50 149
a 50 17 149
a 17 51 171
a 51 17 171
a 17 53 132
a 53 17 132
a 17 55 517
a 55 17 517
a 17 56 464
a 56 17 464
a 17 58 365
a 58 17 365
a 17 63 380
a 63 17 380
a 17 64 759
a 64 17 759
a 17 65 111
a 65 17 111
a 17 66 259
a 66 17 259
a 17 67 175
a 67 17 175
a 17 68 143
a 68 17 143
a 17 69 851
a 69 17 851
a 17 71 495
a 71 17 495
a 17 73 809
a 73 17 809
a 17 74 846
a 74 17 846
a 17 75 120
a 75 17 120
a 17 76 617
a 76 17 617
a 17 77 132
a 77 17 132
a 17 79 517
a 79 17 517
a 17 83 519
a 83 17 519
a 17 84 678
a 84 17 678
a 17 85 846
a 85 17 846
a 17 86 279
a 86 17 279
a 17 87 582
a 87 17 582
a 17 89 880
a 89 17 880
a 17 90 518
a 90 17 518
a 17 91 248
a 91 17 248
a 17 92 835
a 92 17 835
a 17 94 704
a 94 17 704
a 17 95 470
a 95 17 470
a 17 96 663
a 96 17 663
a 17 98 165
a 98 17 165
a 17 100 749
a 100 17 749
a 18 19 271
a 19 18 271
a 18 20 414
a 20 18 414
a 18 21 385
a 21 18 385
a 18 22 283
a 22 18 283
a 18 23 177
a 23 18 177
a 18 24 910
a 24 18 910
a 18 26 501
a 26 18 501
a 18 27 958
a 27 18 958
a 18 28 422
a 28 18 422
a 18 29 463
a 29 18 463
a 18 31 260
a 31 18 260
a 18 32 274
a 32 18 274
a 18 33 385
a 33 18 385
a 18 35 491
a 35 18 491
a 18 36 596
a 36 18 596
a 18 37 485
a 37 18 485
a 18 38 445
a 38 18 445
a 18 39 874
a 39 18 874
a 18 40 313
a 40 18 313
a 18 41 635
a 41 18 635
a 18 42 318
a 42 18 318
a 18 43 975
a 43 18 975
a 18 44 876
a 44 18 876
a 18 45 380
a 45 18 380
a 18 48 630
a 48 18 630
a 18 49 943
a 49 18 943
a 18 50 389
a 50 18 389
a 18 52 713
a 52 18 713
a 18 53 449
a 53 18 449
a 18 54 491
a 54 18 491
a 18 55 847
a 55 18 847
a 18 57 935
a 57 18 935
a 18 58 377
a 58 18 377
a 18 59 528
a 59 18 528
a 18 60 501
a 60 18 501
a 18 61 592
a 61 18 592
a 18 62 504
a 62 18 504
a 18 63 616
a 63 18 616
a 18 64 614
a 64 18 614
a 18 65 461
a 65 18 461
a 18 66 605
a 66 18 605
a 18 68 408
a 68 18 408
a 18 69 501
a 69 18 501
a 18 70 780
a 70 18 780
a 18 71 478
a 71 18 478
a 18 73 274
a 73 18 274
a 18 74 765
a 74 18 765
a 18 75 600
a 75 18 600
a 18 77 677
a 77 18 677
a 18 78 982
a 78 18 982
a 18 80 712
a 80 18 712
a 18 81 592
a 81 18 592
a 18 82 720
a 82 18 720
a 18 84 610
a 84 18 610
a 18 85 114
a 85 18 114
a 18 86 829
a 86 18 829
a 18 87 497
a 87 18 497
a 18 88 256
a 88 18 256
a 18 89 175
a 89 18 175
a 18 90 268
a 90 18 268
a 18 92 207
a 92 18 207
a 18 93 158
a 93 18 158
a 18 94 532
a 94 18 532
a 18 95 206
a 95 18 206
a 18 96 540
a 96 18 540
a 18 97 723
a 97 18 723
a 18 98 865
a 98 18 865
a 18 99 408
a 99 18 408
a 18 100 599
a 100 18 599
a 19 20 342
a 20 19 342
a 19 21 258
a 21 19 258
a 19 24 303
a 24 19 303
a 19 25 749
a 25 19 749
a 19 26 264
a 26 19 264
a 19 27 189
a 27 19 189
a 19 31 197
a 31 19 197
a 19 33 205
a 33 19 205
a 19 36 574
a 36 19 574
a 19 37 630
a 37 19 630
a 19 38 245
a 38 19 245
a 19 39 707
a 39 19 707
a 19 40 720
a 40 19 720
a 19 41 980
a 41 19 980
a 19 42 277
a 42 19 277
a 19 43 399
a 43 19 399
a 19 44 894
a 44 19 894
a 19 46 819
a 46 19 819
a 19 47 458
a 47 19 458
a 19 49 289
a 49 19 289
a 19 50 655
a 50 19 655
a 19 51 950
a 51 19 950
a 19 52 353
a 52 19 353
a 19 53 595
a 53 19 595
a 19 54 332
a 54 19 332
a 19 55 428
a 55 19 428
a 19 56 663
a 56 19 663
a 19 57 681
a 57 19 681
a 19 58 891
a 58 19 891
a 19 59 844
a 59 19 844
a 19 60 501
a 60 19 501
a 19 62 747
a 62 19 747
a 19 64 767
a 64 19 767
a 19 68 505
a 68 19 505
a 19 70 755
a 70 19 755
a 19 71 547
a 71 19 547
a 19 73 660
a 73 19 660
a 19 74 609
a 74 19 609
a 19 75 443
a 75 19 443
a 19 76 575
a 76 19 575
a 19 79 740
a 79 19 740
a 19 80 743
a 80 19 743
a 19 81 631
a 81 19 631
a 19 82 282
a 82 19 282
a 19 83 788
a 83 19 788
a 19 84 618
a 84 19 618
a 19 86 716
a 86 19 716
a 19 87 421
a 87 19 421
a 19 89 136
a 89 19 136
a 19 90 958
a 90 19 958
a 19 91 350
a 91 19 350
a 19 92 833
a 92 19 833
a 19 93 953
a 93 19 953
a 19 94 731
a 94 19 731
a 19 95 939
a 95 19 939
a 19 96 825
a 96 19 825
a 19 97 797
a 97 19 797
a 19 98 543
a 98 19 543
a 19 99 312
a 99 19 312
a 19 100 488
a 100 19 488
a 20 21 250
a 21 20 250
a 20 22 424
a 22 20 424
a 20 23 517
a 23 20 517
a 20 24 744
a 24 20 744
a 20 25 361
a 25 20 361
a 20 27 599
a 27 20 599
a 20 28 427
a 28 20 427
a 20 29 826
a 29 20 826
a 20 30 728
a 30 20 728
a 20 31 815
a 31 20 815
a 20 32 938
a 32 20 938
a 20 33 540
a 33 20 540
a 20 34 271
a 34 20 271
a 20 35 759
a 35 20 759
a 20 37 306
a 37 20 306
a 20 38 564
a 38 20 564
a 20 39 483
a 39 20 483
a 20 40 113
a 40 20 113
a 20 41 649
a 41 20 649
a 20 42 426
a 42 20 426
a 20 43 441
a 43 20 441
a 20 46 132
a 46 20 132
a 20 47 943
a 47 20 943
a 20 48 780
a 48 20 780
a 20 50 481
a 50 20 481
a 20 51 417
a 51 20 417
a 20 52 340
a 52 20 340
a 20 53 826
a 53 20 826
a 20 54 519
a 54 20 519
a 20 56 131
a 56 20 131
a 20 58 456
a 58 20 456
a 20 62 425
a 62 20 425
a 20 63 934
a 63 20 934
a 20 64 266
a 64 20 266
a 20 66 237
a 66 20 237
a 20 67 563
a 67 20 563
a 20 68 179
a 68 20 179
a 20 69 865
a 69 20 865
a 20 70 185
a 70 20 185
a 20 71 947
a 71 20 947
a 20 72 364
a 72 20 364
a 20 74 727
a 74 20 727
a 20 75 589
a 75 20 589
a 20 76 552
a 76 20 552
a 20 77 938
a 77 20 938
a 20 80 621
a 80 20 621
a 20 81 187
a 81 20 187
a 20 82 357
a 82 20 357
a 20 83 389
a 83 20 389
a 20 85 416
a 85 20 416
a 20 87 831
a 87 20 831
a 20 88 566
a 88 20 566
a 20 89 788
a 89 20 788
a 20 91 878
a 91 20 878
a 20 92 160
a 92 20 160
a 20 93 243
a 93 20 243
a 20 94 754
a 94 20 754
a 20 96 215
a 96 20 215
a 20 97 651
a 97 20 651
a 20 98 156
a 98 20 156
a 20 99 907
a 99 20 907
a 20 100 258
a 100 20 258
a 21 22 384
a 22 21 384
a 21 23 371
a 23 21 371
a 21 24 944
a 24 21 944
a 21 25 296
a 25 21 296
a 21 27 883
a 27 21 883
a 21 28 346
a 28 21 346
a 21 29 241
a 29 21 241
a 21 30 474
a 30 21 474
a 21 32 644
a 32 21 644
a 21 33 604
a 33 21 604
a 21 34 588
a 34 21 588
a 21 35 301
a 35 21 301
a 21 36 330
a 36 21 330
a 21 38 742
a 38 21 742
a 21 39 861
a 39 21 861
a 21 41 128
a 41 21 128
a 21 42 553
a 42 21 553
a 21 43 616
a 43 21 616
a 21 44 538
a 44 21 538
a 21 46 530
a 46 21 530
a 21 47 634
a 47 21 634
a 21 49 920
a 49 21 920
a 21 50 261
a 50 21 261
a 21 51 416
a 51 21 416
a 21 52 123
a 52 21 123
a 21 53 824
a 53 21 824
a 21 55 177
a 55 21 177
a 21 59 557
a 59 21 557
a 21 60 179
a 60 21 179
a 21 61 527
a 61 21 527
a 21 62 864
a 62 21 864
a 21 63 251
a 63 21 251
a 21 66 886
a 66 21 886
a 21 67 380
a 67 21 380
a 21 68 198
a 68 21 198
a 21 69 898
a 69 21 898
a 21 70 235
a 70 21 235
a 21 71 648
a 71 21 648
a 21 73 543
a 73 21 543
a 21 74 601
a 74 21 601
a 21 75 726
a 75 21 726
a 21 77 575
a 77 21 575
a 21 78 789
a 78 21 789
a 21 81 113
a 81 21 113
a 21 82 762
a 82 21 762
a 21 83 489
a 83 21 489
a 21 84 769
a 84 21 769
a 21 85 388
a 85 21 388
a 21 87 839
a 87 21 839
a 21 88 610
a 88 21 610
a 21 89 717
a 89 21 717
a 21 90 215
a 90 21 215
a 21 91 308
a 91 21 308
a 21 92 281
a 92 21 281
a 21 93 352
a 93 21 352
a 21 94 269
a 94 21 269
a 21 96 391
a 96 21 391
a 21 97 389
a 97 21 389
a 21 98 915
a 98 21 915
a 21 99 345
a 99 21 345
a 21 100 800
a 100 21 800
a 22 23 712
a 23 22 712
a 22 24 649
a 24 22 649
a 22 25 320
a 25 22 320
a 22 26 953
a 26 22 953
a 22 27 655
a 27 22 655
a 22 31 481
a 31 22 481
a 22 33 677
a 33 22 677
a 22 35 961
a 35 22 961
a 22 36 992
a 36 22 992
a 22 37 336
a 37 22 336
a 22 38 792
a 38 22 792
a 22 40 788
a 40 22 788
a 22 42 432
a 42 22 432
a 22 44 806
a 44 22 806
a 22 46 935
a 46 22 935
a 22 48 955
a 48 22 955
a 22 50 840
a 50 22 840
a 22 51 721
a 51 22 721
a 22 52 837
a 52 22 837
a 22 53 324
a 53 22 324
a 22 54 564
a 54 22 564
a 22 55 817
a 55 22 817
a 22 56 290
a 56 22 290
a 22 57 447
a 57 22 447
a 22 58 828
a 58 22 828
a 22 59 726
a 59 22 726
a 22 60 919
a 60 22 919
a 22 62 628
a 62 22 628
a 22 63 782
a 63 22 782
a 22 64 280
a 64 22 280
a 22 65 592
a 65 22 592
a 22 66 574
a 66 22 574
a 22 68 773
a 68 22 773
a 22 69 722
a 69 22 722
a 22 71 530
a 71 22 530
a 22 75 975
a 75 22 975
a 22 76 476
a 76 22 476
a 22 77 579
a 77 22 579
a 22 78 280
a 78 22 280
a 22 79 663
a 79 22 663
a 22 81 638
a 81 22 638
a 22 83 573
a 83 22 573
a 22 84 267
a 84 22 267
a 22 85 872
a 85 22 872
a 22 86 971
a 86 22 971
a 22 87 611
a 87 22 611
a 22 88 583
a 88 22 583
a 22 89 589
a 89 22 589
a 22 90 524
a 90 22 524
a 22 91 178
a 91 22 178
a 22 92 997
a 92 22 997
a 22 93 570
a 93 22 570
a 22 94 658
a 94 22 658
a 22 96 193
a 96 22 193
a 22 97 559
a 97 22 559
a 22 99 382
a 99 22 382
a 22 100 676
a 100 22 676
a 23 24 579
a 24 23 579
a 23 25 675
a 25 23 675
a 23 26 111
a 26 23 111
a 23 27 642
a 27 23 642
a 23 28 237
a 28 23 237
a 23 30 655
a 30 23 655
a 23 31 861
a 31 23 861
a 23 33 861
a 33 23 861
a 23 34 442
a 34 23 442
a 23 35 656
a 35 23 656
a 23 38 549
a 38 23 549
a 23 40 415
a 40 23 415
a 23 41 713
a 41 23 713
a 23 42 357
a 42 23 357
a 23 43 880
a 43 23 880
a 23 44 844
a 44 23 844
a 23 45 665
a 45 23 665
a 23 46 122
a 46 23 122
a 23 47 574
a 47 23 574
a 23 48 646
a 48 23 646
a 23 50 730
a 50 23 730
a 23 51 350
a 51 23 350
a 23 52 984
a 52 23 984
a 23 53 852
a 53 23 852
a 23 54 208
a 54 23 208
a 23 56 887
a 56 23 887
a 23 58 369
a 58 23 369
a 23 60 210
a 60 23 210
a 23 62 395
a 62 23 395
a 23 63 978
a 63 23 978
a 23 64 159
a 64 23 159
a 23 65 132
a 65 23 132
a 23 66 251
a 66 23 251
a 23 69 378
a 69 23 378
a 23 70 320
a 70 23 320
a 23 71 367
a 71 23 367
a 23 73 592
a 73 23 592
a 23 74 191
a 74 23 191
a 23 75 666
a 75 23 666
a 23 77 494
a 77 23 494
a 23 78 742
a 78 23 742
a 23 79 904
a 79 23 904
a 23 80 409
a 80 23 409
a 23 81 620
a 81 23 620
a 23 82 256
a 82 23 256
a 23 83 584
a 83 23 584
a 23 84 839
a 84 23 839
a 23 85 679
a 85 23 679
a 23 89 361
a 89 23 361
a 23 90 396
a 90 23 396
a 23 92 806
a 92 23 806
a 23 94 219
a 94 23 219
a 23 95 658
a 95 23 658
a 23 96 702
a 96 23 702
a 23 97 587
a 97 23 587
a 23 98 601
a 98 23 601
a 23 99 852
a 99 23 852
a 23 100 244
a 100 23 244
a 24 25 691
a 25 24 691
a 24 27 855
a 27 24 855
a 24 29 223
a 29 24 223
a 24 32 167
a 32 24 167
a 24 33 483
a 33 24 483
a 24 36 626
a 36 24 626
a 24 37 197
a 37 24 197
a 24 38 480
a 38 24 480
a 24 39 686
a 39 24 686
a 24 44 827
a 44 24 827
a 24 46 421
a 46 24 421
a 24 47 738
a 47 24 738
a 24 48 935
a 48 24 935
a 24 49 400
a 49 24 400
a 24 50 862
a 50 24 862
a 24 51 883
a 51 24 883
a 24 52 657
a 52 24 657
a 24 53 311
a 53 24 311
a 24 55 580
a 55 24 580
a 24 56 411
a 56 24 411
a 24 57 319
a 57 24 319
a 24 60 242
a 60 24 242
a 24 61 827
a 61 24 827
a 24 62 340
a 62 24 340
a 24 64 118
a 64 24 118
a 24 67 828
a 67 24 828
a 24 68 407
a 68 24 407
a 24 69 840
a 69 24 840
a 24 71 421
a 71 24 421
a 24 72 856
a 72 24 856
a 24 73 970
a 73 24 970
a 24 75 915
a 75 24 915
a 24 76 336
a 76 24 336
a 24 77 528
a 77 24 528
a 24 78 272
a 78 24 272
a 24 79 712
a 79 24 712
a 24 80 716
a 80 24 716
a 24 81 107
a 81 24 107
a 24 82 736
a 82 24 736
a 24 83 308
a 83 24 308
a 24 84 146
a 84 24 146
a 24 85 491
a 85 24 491
a 24 86 443
a 86 24 443
a 24 87 535
a 87 24 535
a 24 88 812
a 88 24 812
a 24 89 783
a 89 24 783
a 24 90 689
a 90 24 689
a 24 91 879
a 91 24 879
a 24 93 673
a 93 24 673
a 24 94 459
a 94 24 459
a 24 95 712
a 95 24 712
a 24 96 104
a 96 24 104
a 24 97 582
a 97 24 582
a 24 98 621
a 98 24 621
a 24 100 983
a 100 24 983
a 25 26 652
a 26 25 652
a 25 27 658
a 27 25 658
a 25 28 817
a 28 25 817
a 25 30 221
a 30 25 221
a 25 31 561
a 31 25 561
a 25 35 429
a 35 25 429
a 25 37 800
a 37 25 800
a 25 38 230
a 38 25 230
a 25 39 520
a 39 25 520
a 25 42 368
a 42 25 368
a 25 43 342
a 43 25 342
a 25 45 216
a 45 25 216
a 25 47 560
a 47 25 560
a 25 49 140
a 49 25 140
a 25 50 992
a 50 25 992
a 25 51 257
a 51 25 257
a 25 52 386
a 52 25 386
a 25 53 230
a 53 25 230
a 25 54 294
a 54 25 294
a 25 55 516
a 55 25 516
a 25 56 179
a 56 25 179
a 25 57 877
a 57 25 877
a 25 58 772
a 58 25 772
a 25 59 744
a 59 25 744
a 25 60 104
a 60 25 104
a 25 61 550
a 61 25 550
a 25 62 142
a 62 25 142
a 25 63 736
a 63 25 736
a 25 66 662
a 66 25 662
a 25 67 451
a 67 25 451
a 25 68 441
a 68 25 441
a 25 69 840
a 69 25 840
a 25 70 987
a 70 25 987
a 25 71 866
a 71 25 866
a 25 73 259
a 73 25 259
a 25 75 838
a 75 25 838
a 25 76 933
a 76 25 933
a 25 77 894
a 77 25 894
a 25 78 487
a 78 25 487
a 25 79 457
a 79 25 457
a 25 80 449
a 80 25 449
a 25 81 115
a 81 25 115
a 25 82 733
a 82 25 733
a 25 83 242
a 83 25 242
a 25 84 639
a 84 25 639
a 25 85 620
a 85 25 620
a 25 86 758
a 86 25 758
a 25 87 199
a 87 25 199
a 25 88 636
a 88 25 636
a 25 91 961
a 91 25 961
a 25 92 672
a 92 25 672
a 25 93 524
a 93 25 524
a 25 94 952
a 94 25 952
a 25 95 714
a 95 25 714
a 25 97 593
a 97 25 593
a 25 98 883
a 98 25 883
a 25 99 344
a 99 25 344
a 25 100 461
a 100 25 461
a 26 27 787
a 27 26 787
a 26 29 561
a 29 26 561
a 26 30 906
a 30 26 906
a 26 31 557
a 31 26 557
a 26 33 800
a 33 26 800
a 26 34 981
a 34 26 981
a 26 37 466
a 37 26 466
a 26 39 374
a 39 26 374
a 26 40 328
a 40 26 328
a 26 41 539
a 41 26 539
a 26 42 967
a 42 26 967
a 26 43 668
a 43 26 668
a 26 44 931
a 44 26 931
a 26 45 807
a 45 26 807
a 26 46 605
a 46 26 605
a 26 47 918
a 47 26 918
a 26 48 972
a 48 26 972
a 26 49 919
a 49 26 919
a 26 50 336
a 50 26 336
a 26 51 722
a 51 26 722
a 26 54 255
a 54 26 255
a 26 55 857
a 55 26 857
a 26 56 321
a 56 26 321
a 26 58 453
a 58 26 453
a 26 60 190
a 60 26 190
a 26 62 701
a 62 26 701
a 26 64 901
a 64 26 901
a 26 65 401
a 65 26 401
a 26 66 613
a 66 26 613
a 26 67 977
a 67 26 977
a 26 69 775
a 69 26 775
a 26 70 131
a 70 26 131
a 26 71 397
a 71 26 397
a 26 72 152
a 72 26 152
a 26 73 215
a 73 26 215
a 26 74 478
a 74 26 478
a 26 76 399
a 76 26 399
a 26 77 923
a 77 26 923
a 26 78 743
a 78 26 743
a 26 79 304
a 79 26 304
a 26 80 381
a 80 26 381
a 26 81 554
a 81 26 554
a 26 82 776
a 82 26 776
a 26 83 336
a 83 26 336
a 26 84 182
a 84 26 182
a 26 85 909
a 85 26 909
a 26 86 701
a 86 26 701
a 26 87 185
a 87 26 185
a 26 88 427
a 88 26 427
a 26 89 227
a 89 26 227
a 26 91 115
a 91 26 115
a 26 93 733
a 93 26 733
a 26 94 979
a 94 26 979
a 26 95 595
a 95 26 595
a 26 96 775
a 96 26 775
a 26 97 753
a 97 26 753
a 26 98 236
a 98 26 236
a 26 99 144
a 99 26 144
a 26 100 514
a 100 26 514
a 27 28 911
a 28 27 911
a 27 29 948
a 29 27 948
a 27 30 634
a 30 27 634
a 27 36 507
a 36 27 507
a 27 37 533
a 37 27 533
a 27 38 851
a 38 27 851
a 27 39 647
a 39 27 647
a 27 41 187
a 41 27 187
a 27 43 132
a 43 27 132
a 27 45 623
a 45 27 623
a 27 49 930
a 49 27 930
a 27 50 399
a 50 27 399
a 27 51 762
a 51 27 762
a 27 52 145
a 52 27 145
a 27 54 667
a 54 27 667
a 27 55 176
a 55 27 176
a 27 56 618
a 56 27 618
a 27 58 131
a 58 27 131
a 27 59 285
a 59 27 285
a 27 60 747
a 60 27 747
a 27 62 812
a 62 27 812
a 27 63 358
a 63 27 358
a 27 65 981
a 65 27 981
a 27 67 152
a 67 27 152
a 27 68 144
a 68 27 144
a 27 69 207
a 69 27 207
a 27 70 131
a 70 27 131
a 27 71 147
a 71 27 147
a 27 73 657
a 73 27 657
a 27 74 174
a 74 27 174
a 27 75 666
a 75 27 666
a 27 76 294
a 76 27 294
a 27 77 912
a 77 27 912
a 27 78 727
a 78 27 727
a 27 79 237
a 79 27 237
a 27 80 338
a 80 27 338
a 27 81 482
a 81 27 482
a 27 82 675
a 82 27 675
a 27 84 465
a 84 27 465
a 27 85 432
a 85 27 432
a 27 86 325
a 86 27 325
a 27 87 277
a 87 27 277
a 27 88 791
a 88 27 791
a 27 90 922
a 90 27 922
a 27 91 917
a 91 27 917
a 27 92 270
a 92 27 270
a 27 94 254
a 94 27 254
a 27 95 154
a 95 27 154
a 27 96 661
a 96 27 661
a 27 97 228
a 97 27 228
a 27 98 102
a 98 27 102
a 27 99 880
a 99 27 880
a 27 100 227
a 100 27 227
a 28 29 412
a 29 28 412
a 28 30 543
a 30 28 543
a 28 32 122
a 32 28 122
a 28 33 151
a 33 28 151
a 28 34 631
a 34 28 631
a 28 37 701
a 37 28 701
a 28 38 853
a 38 28 853
a 28 39 325
a 39 28 325
a 28 40 876
a 40 28 876
a 28 41 317
a 41 28 317
a 28 44 858
a 44 28 858
a 28 45 166
a 45 28 166
a 28 46 493
a 46 28 493
a 28 47 664
a 47 28 664
a 28 49 484
a 49 28 484
a 28 50 491
a 50 28 491
a 28 51 445
a 51 28 445
a 28 52 867
a 52 28 867
a 28 53 574
a 53 28 574
a 28 55 818
a 55 28 818
a 28 56 754
a 56 28 754
a 28 57 851
a 57 28 851
a 28 60 181
a 60 28 181
a 28 61 307
a 61 28 307
a 28 63 630
a 63 28 630
a 28 64 313
a 64 28 313
a 28 65 615
a 65 28 615
a 28 66 301
a 66 28 301
a 28 68 642
a 68 28 642
a 28 71 879
a 71 28 879
a 28 72 975
a 72 28 975
a 28 73 245
a 73 28 245
a 28 74 889
a 74 28 889
a 28 76 177
a 76 28 177
a 28 78 683
a 78 28 683
a 28 79 825
a 79 28 825
a 28 80 919
a 80 28 919
a 28 81 874
a 81 28 874
a 28 82 556
a 82 28 556
a 28 83 166
a 83 28 166
a 28 84 945
a 84 28 945
a 28 85 168
a 85 28 168
a 28 86 320
a 86 28 320
a 28 87 857
a 87 28 857
a 28 88 324
a 88 28 324
a 28 89 473
a 89 28 473
a 28 91 382
a 91 28 382
a 28 92 393
a 92 28 393
a 28 93 461
a 93 28 461
a 28 94 287
a 94 28 287
a 28 95 943
a 95 28 943
a 28 98 609
a 98 28 609
a 28 100 490
a 100 28 490
a 29 31 709
a 31 29 709
a 29 33 173
a 33 29 173
a 29 34 133
a 34 29 133
a 29 35 316
a 35 29 316
a 29 36 397
a 36 29 397
a 29 38 483
a 38 29 483
a 29 39 866
a 39 29 866
a 29 40 478
a 40 29 478
a 29 41 342
a 41 29 342
a 29 42 737
a 42 29 737
a 29 43 903
a 43 29 903
a 29 44 627
a 44 29 627
a 29 46 593
a 46 29 593
a 29 47 351
a 47 29 351
a 29 48 454
a 48 29 454
a 29 50 183
a 50 29 183
a 29 51 283
a 51 29 283
a 29 54 304
a 54 29 304
a 29 55 685
a 55 29 685
a 29 56 367
a 56 29 367
a 29 58 753
a 58 29 753
a 29 59 173
a 59 29 173
a 29 60 286
a 60 29 286
a 29 61 477
a 61 29 477
a 29 62 881
a 62 29 881
a 29 63 734
a 63 29 734
a 29 64 151
a 64 29 151
a 29 65 246
a 65 29 246
a 29 66 414
a 66 29 414
a 29 68 877
a 68 29 877
a 29 71 179
a 71 29 179
a 29 72 833
a 72 29 833
a 29 73 394
a 73 29 394
a 29 74 355
a 74 29 355
a 29 75 297
a 75 29 297
a 29 76 978
a 76 29 978
a 29 77 495
a 77 29 495
a 29 78 428
a 78 29 428
a 29 79 670
a 79 29 670
a 29 80 256
a 80 29 256
a 29 81 635
a 81 29 635
a 29 82 214
a 82 29 214
a 29 83 319
a 83 29 319
a 29 84 592
a 84 29 592
a 29 85 412
a 85 29 412
a 29 86 370
a 86 29 370
a 29 87 736
a 87 29 736
a 29 88 647
a 88 29 647
a 29 89 228
a 89 29 228
a 29 91 456
a 91 29 456
a 29 92 611
a 92 29 611
a 29 93 251
a 93 29 251
a 29 94 969
a 94 29 969
a 29 95 636
a 95 29 636
a 29 96 765
a 96 29 765
a 29 97 611
a 97 29 611
a 29 99 201
a 99 29 201
a 29 100 452
a 100 29 452
a 30 32 343
a 32 30 343
a 30 35 892
a 35 30 892
a 30 36 268
a 36 30 268
a 30 39 513
a 39 30 513
a 30 40 747
a 40 30 747
a 30 41 623
a 41 30 623
a 30 42 520
a 42 30 520
a 30 43 494
a 43 30 494
a 30 44 456
a 44 30 456
a 30 47 699
a 47 30 699
a 30 48 746
a 48 30 746
a 30 49 922
a 49 30 922
a 30 50 889
a 50 30 889
a 30 51 494
a 51 30 494
a 30 52 224
a 52 30 224
a 30 53 898
a 53 30 898
a 30 54 303
a 54 30 303
a 30 55 265
a 55 30 265
a 30 56 221
a 56 30 221
a 30 58 300
a 58 30 300
a 30 59 988
a 59 30 988
a 30 60 337
a 60 30 337
a 30 61 918
a 61 30 918
a 30 64 700
a 64 30 700
a 30 65 437
a 65 30 437
a 30 66 803
a 66 30 803
a 30 67 398
a 67 30 398
a 30 69 704
a 69 30 704
a 30 70 597
a 70 30 597
a 30 72 532
a 72 30 532
a 30 73 654
a 73 30 654
a 30 74 316
a 74 30 316
a 30 75 388
a 75 30 388
a 30 77 235
a 77 30 235
a 30 78 201
a 78 30 201
a 30 80 656
a 80 30 656
a 30 81 559
a 81 30 559
a 30 82 925
a 82 30 925
a 30 83 977
a 83 30 977
a 30 85 472
a 85 30 472
a 30 86 992
a 86 30 992
a 30 88 563
a 88 30 563
a 30 89 608
a 89 30 608
a 30 91 876
a 91 30 876
a 30 92 900
a 92 30 900
a 30 93 770
a 93 30 770
a 30 94 178
a 94 30 178
a 30 95 445
a 95 30 445
a 30 96 438
a 96 30 438
a 30 97 625
a 97 30 625
a 30 98 202
a 98 30 202
a 30 99 331
a 99 30 331
a 30 100 975
a 100 30 975
a 31 34 268
a 34 31 268
a 31 35 968
a 35 31 968
a 31 36 753
a 36 31 753
a 31 37 802
a 37 31 802
a 31 39 353
a 39 31 353
a 31 41 801
a 41 31 801
a 31 42 763
a 42 31 763
a 31 44 232
a 44 31 232
a 31 45 405
a 45 31 405
a 31 46 520
a 46 31 520
a 31 47 426
a 47 31 426
a 31 49 728
a 49 31 728
a 31 52 101
a 52 31 101
a 31 53 860
a 53 31 860
a 31 54 530
a 54 31 530
a 31 55 232
a 55 31 232
a 31 57 592
a 57 31 592
a 31 59 340
a 59 31 340
a 31 60 411
a 60 31 411
a 31 61 960
a 61 31 960
a 31 63 586
a 63 31 586
a 31 64 963
a 64 31 963
a 31 65 651
a 65 31 651
a 31 66 621
a 66 31 621
a 31 67 999
a 67 31 999
a 31 68 846
a 68 31 846
a 31 69 503
a 69 31 503
a 31 70 550
a 70 31 550
a 31 71 193
a 71 31 193
a 31 72 637
a 72 31 637
a 31 73 459
a 73 31 459
a 31 75 142
a 75 31 142
a 31 76 883
a 76 31 883
a 31 77 932
a 77 31 932
a 31 79 893
a 79 31 893
a 31 80 327
a 80 31 327
a 31 81 931
a 81 31 931
a 31 82 553
a 82 31 553
a 31 83 595
a 83 31 595
a 31 84 138
a 84 31 138
a 31 85 857
a 85 31 857
a 31 86 989
a 86 31 989
a 31 87 513
a 87 31 513
a 31 89 775
a 89 31 775
a 31 90 704
a 90 31 704
a 31 91 160
a 91 31 160
a 31 92 934
a 92 31 934
a 31 94 887
a 94 31 887
a 31 95 902
a 95 31 902
a 31 96 515
a 96 31 515
a 31 98 574
a 98 31 574
a 31 99 619
a 99 31 619
a 31 100 745
a 100 31 745
a 32 33 750
a 33 32 750
a 32 34 353
a 34 32 353
a 32 35 729
a 35 32 729
a 32 36 968
a 36 32 968
a 32 37 791
a 37 32 791
a 32 38 665
a 38 32 665
a 32 39 681
a 39 32 681
a 32 41 902
a 41 32 902
a 32 42 831
a 42 32 831
a 32 43 361
a 43 32 361
a 32 44 186
a 44 32 186
a 32 45 969
a 45 32 969
a 32 46 658
a 46 32 658
a 32 48 270
a 48 32 270
a 32 49 340
a 49 32 340
a 32 50 787
a 50 32 787
a 32 51 733
a 51 32 733
a 32 52 639
a 52 32 639
a 32 53 841
a 53 32 841
a 32 55 746
a 55 32 746
a 32 56 710
a 56 32 710
a 32 58 332
a 58 32 332
a 32 60 392
a 60 32 392
a 32 62 662
a 62 32 662
a 32 63 197
a 63 32 197
a 32 64 791
a 64 32 791
a 32 65 887
a 65 32 887
a 32 66 677
a 66 32 677
a 32 67 674
a 67 32 674
a 32 68 154
a 68 32 154
a 32 69 858
a 69 32 858
a 32 70 505
a 70 32 505
a 32 72 718
a 72 32 718
a 32 73 313
a 73 32 313
a 32 74 459
a 74 32 459
a 32 75 238
a 75 32 238
a 32 76 953
a 76 32 953
a 32 77 138
a 77 32 138
a 32 78 551
a 78 32 551
a 32 79 200
a 79 32 200
a 32 81 561
a 81 32 561
a 32 82 168
a 82 32 168
a 32 84 878
a 84 32 878
a 32 85 464
a 85 32 464
a 32 86 632
a 86 32 632
a 32 88 272
a 88 32 272
a 32 89 242
a 89 32 242
a 32 90 407
a 90 32 407
a 32 91 515
a 91 32 515
a 32 93 721
a 93 32 721
a 32 94 831
a 94 32 831
a 32 95 190
a 95 32 190
a 32 96 992
a 96 32 992
a 32 98 457
a 98 32 457
a 32 99 343
a 99 32 343
a 32 100 138
a 100 32 138
a 33 36 633
a 36 33 633
a 33 37 595
a 37 33 595
a 33 38 653
a 38 33 653
a 33 39 730
a 39 33 730
a 33 41 764
a 41 33 764
a 33 43 661
a 43 33 661
a 33 44 298
a 44 33 298
a 33 46 718
a 46 33 718
a 33 47 228
a 47 33 228
a 33 48 230
a 48 33 230
a 33 49 486
a 49 33 486
a 33 50 922
a 50 33 922
a 33 53 410
a 53 33 410
a 33 54 998
a 54 33 998
a 33 56 993
a 56 33 993
a 33 57 125
a 57 33 125
a 33 58 459
a 58 33 459
a 33 59 353
a 59 33 353
a 33 61 460
a 61 33 460
a 33 62 235
a 62 33 235
a 33 63 702
a 63 33 702
a 33 64 742
a 64 33 742
a 33 65 901
a 65 33 901
a 33 66 419
a 66 33 419
a 33 67 475
a 67 33 475
a 33 68 331
a 68 33 331
a 33 72 668
a 72 33 668
a 33 73 881
a 73 33 881
a 33 74 549
a 74 33 549
a 33 75 650
a 75 33 650
a 33 77 639
a 77 33 639
a 33 78 880
a 78 33 880
a 33 80 364
a 80 33 364
a 33 82 280
a 82 33 280
a 33 84 852
a 84 33 852
a 33 85 462
a 85 33 462
a 33 87 374
a 87 33 374
a 33 88 415
a 88 33 415
a 33 89 354
a 89 33 354
a 33 90 803
a 90 33 803
a 33 91 996
a 91 33 996
a 33 92 745
a 92 33 745
a 33 93 229
a 93 33 229
a 33 94 623
a 94 33 623
a 33 95 716
a 95 33 716
a 33 96 474
a 96 33 474
a 33 97 767
a 97 33 767
a 33 98 827
a 98 33 827
a 33 99 602
a 99 33 602
a 33 100 477
a 100 33 477
a 34 36 541
a 36 34 541
a 34 37 727
a 37 34 727
a 34 39 785
a 39 34 785
a 34 40 653
a 40 34 653
a 34 41 813
a 41 34 813
a 34 42 109
a 42 34 109
a 34 43 763
a 43 34 763
a 34 44 357
a 44 34 357
a 34 46 301
a 46 34 301
a 34 47 435
a 47 34 435
a 34 48 435
a 48 34 435
a 34 49 116
a 49 34 116
a 34 50 664
a 50 34 664
a 34 51 452
a 51 34 452
a 34 52 286
a 52 34 286
a 34 54 444
a 54 34 444
a 34 55 897
a 55 34 897
a 34 56 376
a 56 34 376
a 34 57 876
a 57 34 876
a 34 58 695
a 58 34 695
a 34 59 891
a 59 34 891
a 34 62 125
a 62 34 125
a 34 63 586
a 63 34 586
a 34 65 683
a 65 34 683
a 34 66 692
a 66 34 692
a 34 68 861
a 68 34 861
a 34 70 104
a 70 34 104
a 34 71 244
a 71 34 244
a 34 72 730
a 72 34 730
a 34 73 948
a 73 34 948
a 34 75 704
a 75 34 704
a 34 76 787
a 76 34 787
a 34 77 238
a 77 34 238
a 34 78 551
a 78 34 551
a 34 81 990
a 81 34 990
a 34 82 789
a 82 34 789
a 34 83 102
a 83 34 102
a 34 85 494
a 85 34 494
a 34 86 985
a 86 34 985
a 34 87 998
a 87 34 998
a 34 88 413
a 88 34 413
a 34 90 982
a 90 34 982
a 34 91 122
a 91 34 122
a 34 92 190
a 92 34 190
a 34 93 527
a 93 34 527
a 34 95 600
a 95 34 600
a 34 97 106
a 97 34 106
a 34 98 202
a 98 34 202
a 34 99 548
a 99 34 548
a 35 36 250
a 36 35 250
a 35 37 794
a 37 35 794
a 35 38 577
a 38 35 577
a 35 39 678
a 39 35 678
a 35 40 863
a 40 35 863
a 35 41 791
a 41 35 791
a 35 42 368
a 42 35 368
a 35 43 658
a 43 35 658
a 35 45 782
a 45 35 782
a 35 46 172
a 46 35 172
a 35 48 612
a 48 35 612
a 35 49 909
a 49 35 909
a 35 50 442
a 50 35 442
a 35 51 608
a 51 35 608
a 35 52 368
a 52 35 368
a 35 53 475
a 53 35 475
a 35 54 101
a 54 35 101
a 35 55 954
a 55 35 954
a 35 56 394
a 56 35 394
a 35 57 864
a 57 35 864
a 35 58 197
a 58 35 197
a 35 59 987
a 59 35 987
a 35 60 563
a 60 35 563
a 35 61 918
a 61 35 918
a 35 62 827
a 62 35 827
a 35 63 182
a 63 35 182
a 35 65 264
a 65 35 264
a 35 66 128
a 66 35 128
a 35 67 781
a 67 35 781
a 35 68 475
a 68 35 475
a 35 70 639
a 70 35 639
a 35 71 768
a 71 35 768
a 35 73 611
a 73 35 611
a 35 74 837
a 74 35 837
a 35 75 604
a 75 35 604
a 35 76 164
a 76 35 164
a 35 77 362
a 77 35 362
a 35 78 892
a 78 35 892
a 35 79 767
a 79 35 767
a 35 80 281
a 80 35 281
a 35 83 367
a 83 35 367
a 35 84 839
a 84 35 839
a 35 90 211
a 90 35 211
a 35 91 297
a 91 35 297
a 35 92 678
a 92 35 678
a 35 94 578
a 94 35 578
a 35 95 916
a 95 35 916
a 35 96 353
a 96 35 353
a 35 97 722
a 97 35 722
a 35 98 135
a 98 35 135
a 35 99 767
a 99 35 767
a 35 100 751
a 100 35 751
a 36 38 888
a 38 36 888
a 36 39 429
a 39 36 429
a 36 40 566
a 40 36 566
a 36 41 906
a 41 36 906
a 36 42 769
a 42 36 769
a 36 43 890
a 43 36 890
a 36 45 426
a 45 36 426
a 36 46 928
a 46 36 928
a 36 47 720
a 47 36 720
a 36 48 363
a 48 36 363
a 36 50 333
a 50 36 333
a 36 51 492
a 51 36 492
a 36 52 191
a 52 36 191
a 36 55 560
a 55 36 560
a 36 56 840
a 56 36 840
a 36 57 143
a 57 36 143
a 36 59 930
a 59 36 930
a 36 61 212
a 61 36 212
a 36 63 801
a 63 36 801
a 36 64 117
a 64 36 117
a 36 66 972
a 66 36 972
a 36 67 865
a 67 36 865
a 36 68 695
a 68 36 695
a 36 69 320
a 69 36 320
a 36 70 972
a 70 36 972
a 36 72 774
a 72 36 774
a 36 73 719
a 73 36 719
a 36 74 773
a 74 36 773
a 36 75 684
a 75 36 684
a 36 76 319
a 76 36 319
a 36 77 725
a 77 36 725
a 36 78 461
a 78 36 461
a 36 79 499
a 79 36 499
a 36 80 807
a 80 36 807
a 36 81 415
a 81 36 415
a 36 82 992
a 82 36 992
a 36 83 223
a 83 36 223
a 36 84 265
a 84 36 265
a 36 85 515
a 85 36 515
a 36 87 932
a 87 36 932
a 36 88 282
a 88 36 282
a 36 89 145
a 89 36 145
a 36 92 423
a 92 36 423
a 36 93 754
a 93 36 754
a 36 94 744
a 94 36 744
a 36 95 559
a 95 36 559
a 36 96 766
a 96 36 766
a 36 97 757
a 97 36 757
a 36 98 300
a 98 36 300
a 36 99 546
a 99 36 546
a 36 100 190
a 100 36 190
a 37 38 123
a 38 37 123
a 37 39 169
a 39 37 169
a 37 40 763
a 40 37 763
a 37 41 520
a 41 37 520
a 37 42 381
a 42 37 381
a 37 43 925
a 43 37 925
a 37 45 454
a 45 37 454
a 37 48 887
a 48 37 887
a 37 50 856
a 50 37 856
a 37 51 614
a 51 37 614
a 37 52 389
a 52 37 389
a 37 55 882
a 55 37 882
a 37 56 453
a 56 37 453
a 37 59 558
a 59 37 558
a 37 60 856
a 60 37 856
a 37 61 240
a 61 37 240
a 37 62 943
a 62 37 943
a 37 63 269
a 63 37 269
a 37 64 113
a 64 37 113
a 37 65 288
a 65 37 288
a 37 66 912
a 66 37 912
a 37 67 242
a 67 37 242
a 37 68 540
a 68 37 540
a 37 69 491
a 69 37 491
a 37 70 833
a 70 37 833
a 37 71 780
a 71 37 780
a 37 72 612
a 72 37 612
a 37 74 156
a 74 37 156
a 37 75 324
a 75 37 324
a 37 76 538
a 76 37 538
a 37 78 354
a 78 37 354
a 37 79 309
a 79 37 309
a 37 80 707
a 80 37 707
a 37 81 448
a 81 37 448
a 37 83 863
a 83 37 863
a 37 85 531
a 85 37 531
a 37 88 876
a 88 37 876
a 37 89 696
a 89 37 696
a 37 90 580
a 90 37 580
a 37 91 425
a 91 37 425
a 37 92 134
a 92 37 134
a 37 93 729
a 93 37 729
a 37 95 240
a 95 37 240
a 37 97 163
a 97 37 163
a 37 98 641
a 98 37 641
a 37 100 790
a 100 37 790
a 38 40 965
a 40 38 965
a 38 41 495
a 41 38 495
a 38 42 292
a 42 38 292
a 38 43 629
a 43 38 629
a 38 45 126
a 45 38 126
a 38 46 217
a 46 38 217
a 38 47 773
a 47 38 773
a 38 49 250
a 49 38 250
a 38 52 308
a 52 38 308
a 38 54 631
a 54 38 631
a 38 55 497
a 55 38 497
a 38 57 794
a 57 38 794
a 38 58 852
a 58 38 852
a 38 60 629
a 60 38 629
a 38 61 557
a 61 38 557
a 38 62 603
a 62 38 603
a 38 63 153
a 63 38 153
a 38 64 561
a 64 38 561
a 38 65 411
a 65 38 411
a 38 66 910
a 66 38 910
a 38 67 390
a 67 38 390
a 38 68 793
a 68 38 793
a 38 69 779
a 69 38 779
a 38 70 956
a 70 38 956
a 38 71 929
a 71 38 929
a 38 73 312
a 73 38 312
a 38 74 580
a 74 38 580
a 38 75 176
a 75 38 176
a 38 76 189
a 76 38 189
a 38 77 472
a 77 38 472
a 38 78 285
a 78 38 285
a 38 79 877
a 79 38 877
a 38 80 132
a 80 38 132
a 38 82 384
a 82 38 384
a 38 84 452
a 84 38 452
a 38 85 164
a 85 38 164
a 38 86 569
a 86 38 569
a 38 87 717
a 87 38 717
a 38 88 703
a 88 38 703
a 38 89 770
a 89 38 770
a 38 90 114
a 90 38 114
a 38 92 398
a 92 38 398
a 38 93 576
a 93 38 576
a 38 94 1000
a 94 38 1000
a 38 96 673
a 96 38 673
a 38 99 914
a 99 38 914
a 38 100 214
a 100 38 214
a 39 41 913
a 41 39 913
a 39 42 800
a 42 39 800
a 39 43 395
a 43 39 395
a 39 44 186
a 44 39 186
a 39 46 203
a 46 39 203
a 39 47 744
a 47 39 744
a 39 48 557
a 48 39 557
a 39 49 926
a 49 39 926
a 39 50 353
a 50 39 353
a 39 54 230
a 54 39 230
a 39 55 175
a 55 39 175
a 39 56 824
a 56 39 824
a 39 57 338
a 57 39 338
a 39 58 602
a 58 39 602
a 39 61 166
a 61 39 166
a 39 62 349
a 62 39 349
a 39 64 337
a 64 39 337
a 39 65 717
a 65 39 717
a 39 66 800
a 66 39 800
a 39 67 675
a 67 39 675
a 39 68 498
a 68 39 498
a 39 69 306
a 69 39 306
a 39 70 871
a 70 39 871
a 39 71 216
a 71 39 216
a 39 72 623
a 72 39 623
a 39 73 449
a 73 39 449
a 39 74 689
a 74 39 689
a 39 75 610
a 75 39 610
a 39 78 140
a 78 39 140
a 39 79 867
a 79 39 867
a 39 82 190
a 82 39 190
a 39 83 826
a 83 39 826
a 39 84 132
a 84 39 132
a 39 85 761
a 85 39 761
a 39 87 337
a 87 39 337
a 39 88 539
a 88 39 539
a 39 89 797
a 89 39 797
a 39 90 746
a 90 39 746
a 39 91 458
a 91 39 458
a 39 92 225
a 92 39 225
a 39 93 657
a 93 39 657
a 39 94 812
a 94 39 812
a 39 95 151
a 95 39 151
a 39 96 165
a 96 39 165
a 39 97 770
a 97 39 770
a 39 98 235
a 98 39 235
a 39 99 204
a 99 39 204
a 39 100 813
a 100 39 813
a 40 42 196
a 42 40 196
a 40 43 244
a 43 40 244
a 40 46 972
a 46 40 972
a 40 47 978
a 47 40 978
a 40 48 166
a 48 40 166
a 40 49 498
a 49 40 498
a 40 50 748
a 50 40 748
a 40 51 947
a 51 40 947
a 40 52 750
a 52 40 750
a 40 54 463
a 54 40 463
a 40 59 986
a 59 40 986
a 40 61 903
a 61 40 903
a 40 62 666
a 62 40 666
a 40 63 696
a 63 40 696
a 40 65 895
a 65 40 895
a 40 66 484
a 66 40 484
a 40 67 932
a 67 40 932
a 40 68 875
a 68 40 875
a 40 69 751
a 69 40 751
a 40 70 157
a 70 40 157
a 40 71 687
a 71 40 687
a 40 73 365
a 73 40 365
a 40 74 866
a 74 40 866
a 40 75 387
a 75 40 387
a 40 76 135
a 76 40 135
a 40 77 370
a 77 40 370
a 40 78 576
a 78 40 576
a 40 79 676
a 79 40 676
a 40 80 1000
a 80 40 1000
a 40 81 910
a 81 40 910
a 40 82 615
a 82 40 615
a 40 85 742
a 85 40 742
a 40 86 158
a 86 40 158
a 40 87 617
a 87 40 617
a 40 88 221
a 88 40 221
a 40 89 448
a 89 40 448
a 40 91 855
a 91 40 855
a 40 92 559
a 92 40 559
a 40 93 235
a 93 40 235
a 40 94 768
a 94 40 768
a 40 95 208
a 95 40 208
a 40 96 914
a 96 40 914
a 40 97 167
a 97 40 167
a 40 98 104
a 98 40 104
a 40 99 153
a 99 40 153
a 40 100 687
a 100 40 687
a 41 42 172
a 42 41 172
a 41 43 520
a 43 41 520
a 41 44 979
a 44 41 979
a 41 45 632
a 45 41 632
a 41 46 486
a 46 41 486
a 41 47 455
a 47 41 455
a 41 48 432
a 48 41 432
a 41 49 584
a 49 41 584
a 41 50 794
a 50 41 794
a 41 53 637
a 53 41 637
a 41 55 525
a 55 41 525
a 41 56 969
a 56 41 969
a 41 57 573
a 57 41 573
a 41 58 247
a 58 41 247
a 41 59 817
a 59 41 817
a 41 62 796
a 62 41 796
a 41 63 700
a 63 41 700
a 41 64 431
a 64 41 431
a 41 65 672
a 65 41 672
a 41 66 813
a 66 41 813
a 41 67 406
a 67 41 406
a 41 68 738
a 68 41 738
a 41 69 856
a 69 41 856
a 41 70 435
a 70 41 435
a 41 71 825
a 71 41 825
a 41 72 285
a 72 41 285
a 41 75 464
a 75 41 464
a 41 77 755
a 77 41 755
a 41 78 866
a 78 41 866
a 41 80 890
a 80 41 890
a 41 81 621
a 81 41 621
a 41 82 721
a 82 41 721
a 41 83 546
a 83 41 546
a 41 84 967
a 84 41 967
a 41 86 912
a 86 41 912
a 41 87 456
a 87 41 456
a 41 88 221
a 88 41 221
a 41 89 784
a 89 41 784
a 41 90 497
a 90 41 497
a 41 91 711
a 91 41 711
a 41 92 942
a 92 41 942
a 41 95 812
a 95 41 812
a 41 97 544
a 97 41 544
a 41 98 709
a 98 41 709
a 41 99 315
a 99 41 315
a 41 100 106
a 100 41 106
a 42 44 861
a 44 42 861
a 42 45 640
a 45 42 640
a 42 46 177
a 46 42 177
a 42 47 275
a 47 42 275
a 42 48 498
a 48 42 498
a 42 49 436
a 49 42 436
a 42 52 615
a 52 42 615
a 42 53 458
a 53 42 458
a 42 54 977
a 54 42 977
a 42 55 771
a 55 42 771
a 42 57 668
a 57 42 668
a 42 58 293
a 58 42 293
a 42 59 119
a 59 42 119
a 42 61 911
a 61 42 911
a 42 62 885
a 62 42 885
a 42 63 602
a 63 42 602
a 42 64 832
a 64 42 832
a 42 65 326
a 65 42 326
a 42 66 974
a 66 42 974
a 42 68 105
a 68 42 105
a 42 69 205
a 69 42 205
a 42 70 219
a 70 42 219
a 42 71 626
a 71 42 626
a 42 72 478
a 72 42 478
a 42 73 147
a 73 42 147
a 42 74 112
a 74 42 112
a 42 75 963
a 75 42 963
a 42 76 895
a 76 42 895
a 42 78 140
a 78 42 140
a 42 79 246
a 79 42 246
a 42 80 349
a 80 42 349
a 42 81 163
a 81 42 163
a 42 82 150
a 82 42 150
a 42 83 277
a 83 42 277
a 42 84 945
a 84 42 945
a 42 86 1000
a 86 42 1000
a 42 87 416
a 87 42 416
a 42 88 806
a 88 42 806
a 42 89 332
a 89 42 332
a 42 90 672
a 90 42 672
a 42 91 667
a 91 42 667
a 42 93 455
a 93 42 455
a 42 94 884
a 94 42 884
a 42 95 883
a 95 42 883
a 42 96 934
a 96 42 934
a 42 97 438
a 97 42 438
a 42 98 396
a 98 42 396
a 42 99 628
a 99 42 628
a 42 100 154
a 100 42 154
a 43 44 357
a 44 43 357
a 43 45 502
a 45 43 502
a 43 46 524
a 46 43 524
a 43 52 834
a 52 43 834
a 43 53 312
a 53 43 312
a 43 55 398
a 55 43 398
a 43 56 880
a 56 43 880
a 43 58 149
a 58 43 149
a 43 59 142
a 59 43 142
a 43 60 277
a 60 43 277
a 43 61 927
a 61 43 927
a 43 62 458
a 62 43 458
a 43 63 521
a 63 43 521
a 43 64 763
a 64 43 763
a 43 68 316
a 68 43 316
a 43 69 471
a 69 43 471
a 43 70 176
a 70 43 176
a 43 71 962
a 71 43 962
a 43 72 862
a 72 43 862
a 43 73 995
a 73 43 995
a 43 74 494
a 74 43 494
a 43 75 694
a 75 43 694
a 43 76 922
a 76 43 922
a 43 77 144
a 77 43 144
a 43 80 854
a 80 43 854
a 43 81 599
a 81 43 599
a 43 83 779
a 83 43 779
a 43 84 564
a 84 43 564
a 43 85 684
a 85 43 684
a 43 86 980
a 86 43 980
a 43 87 344
a 87 43 344
a 43 88 114
a 88 43 114
a 43 90 519
a 90 43 519
a 43 91 994
a 91 43 994
a 43 92 871
a 92 43 871
a 43 95 344
a 95 43 344
a 43 97 355
a 97 43 355
a 43 98 382
a 98 43 382
a 43 99 671
a 99 43 671
a 43 100 850
a 100 43 850
a 44 47 632
a 47 44 632
a 44 48 189
a 48 44 189
a 44 49 523
a 49 44 523
a 44 50 808
a 50 44 808
a 44 51 488
a 51 44 488
a 44 54 190
a 54 44 190
a 44 55 607
a 55 44 607
a 44 56 103
a 56 44 103
a 44 57 283
a 57 44 283
a 44 58 967
a 58 44 967
a 44 59 392
a 59 44 392
a 44 62 328
a 62 44 328
a 44 63 541
a 63 44 541
a 44 65 220
a 65 44 220
a 44 66 334
a 66 44 334
a 44 67 788
a 67 44 788
a 44 68 107
a 68 44 107
a 44 69 258
a 69 44 258
a 44 70 675
a 70 44 675
a 44 71 797
a 71 44 797
a 44 72 916
a 72 44 916
a 44 74 680
a 74 44 680
a 44 75 341
a 75 44 341
a 44 76 324
a 76 44 324
a 44 77 470
a 77 44 470
a 44 78 314
a 78 44 314
a 44 79 355
a 79 44 355
a 44 80 976
a 80 44 976
a 44 81 150
a 81 44 150
a 44 82 581
a 82 44 581
a 44 84 783
a 84 44 783
a 44 85 724
a 85 44 724
a 44 86 921
a 86 44 921
a 44 88 885
a 88 44 885
a 44 89 236
a 89 44 236
a 44 90 961
a 90 44 961
a 44 91 663
a 91 44 663
a 44 92 311
a 92 44 311
a 44 93 440
a 93 44 440
a 44 94 902
a 94 44 902
a 44 96 473
a 96 44 473
a 44 97 393
a 97 44 393
a 44 98 420
a 98 44 420
a 44 99 477
a 99 44 477
a 44 100 305
a 100 44 305
a 45 46 917
a 46 45 917
a 45 48 191
a 48 45 191
a 45 50 891
a 50 45 891
a 45 51 808
a 51 45 808
a 45 53 177
a 53 45 177
a 45 54 570
a 54 45 570
a 45 55 340
a 55 45 340
a 45 56 307
a 56 45 307
a 45 57 406
a 57 45 406
a 45 58 244
a 58 45 244
a 45 59 514
a 59 45 514
a 45 60 663
a 60 45 663
a 45 61 663
a 61 45 663
a 45 62 966
a 62 45 966
a 45 63 222
a 63 45 222
a 45 64 892
a 64 45 892
a 45 65 665
a 65 45 665
a 45 66 776
a 66 45 776
a 45 67 156
a 67 45 156
a 45 68 214
a 68 45 214
a 45 69 507
a 69 45 507
a 45 70 519
a 70 45 519
a 45 71 543
a 71 45 543
a 45 73 749
a 73 45 749
a 45 74 450
a 74 45 450
a 45 75 790
a 75 45 790
a 45 78 778
a 78 45 778
a 45 79 139
a 79 45 139
a 45 81 725
a 81 45 725
a 45 82 317
a 82 45 317
a 45 85 261
a 85 45 261
a 45 86 450
a 86 45 450
a 45 87 963
a 87 45 963
a 45 88 472
a 88 45 472
a 45 89 831
a 89 45 831
a 45 90 665
a 90 45 665
a 45 91 988
a 91 45 988
a 45 92 209
a 92 45 209
a 45 94 151
a 94 45 151
a 45 95 518
a 95 45 518
a 45 96 484
a 96 45 484
a 45 97 241
a 97 45 241
a 45 98 786
a 98 45 786
a 45 100 216
a 100 45 216
a 46 48 706
a 48 46 706
a 46 49 373
a 49 46 373
a 46 50 811
a 50 46 811
a 46 51 543
a 51 46 543
a 46 52 420
a 52 46 420
a 46 53 289
a 53 46 289
a 46 54 113
a 54 46 113
a 46 55 534
a 55 46 534
a 46 56 620
a 56 46 620
a 46 57 958
a 57 46 958
a 46 58 197
a 58 46 197
a 46 59 174
a 59 46 174
a 46 61 440
a 61 46 440
a 46 62 282
a 62 46 282
a 46 63 594
a 63 46 594
a 46 66 548
a 66 46 548
a 46 67 703
a 67 46 703
a 46 68 392
a 68 46 392
a 46 69 715
a 69 46 715
a 46 70 963
a 70 46 963
a 46 71 264
a 71 46 264
a 46 72 180
a 72 46 180
a 46 73 259
a 73 46 259
a 46 75 746
a 75 46 746
a 46 76 427
a 76 46 427
a 46 78 532
a 78 46 532
a 46 79 442
a 79 46 442
a 46 81 926
a 81 46 926
a 46 82 424
a 82 46 424
a 46 83 800
a 83 46 800
a 46 85 233
a 85 46 233
a 46 86 235
a 86 46 235
a 46 87 575
a 87 46 575
a 46 90 146
a 90 46 146
a 46 91 383
a 91 46 383
a 46 92 611
a 92 46 611
a 46 93 674
a 93 46 674
a 46 94 335
a 94 46 335
a 46 95 577
a 95 46 577
a 46 96 729
a 96 46 729
a 46 97 890
a 97 46 890
a 46 98 374
a 98 46 374
a 46 99 166
a 99 46 166
a 47 48 136
a 48 47 136
a 47 50 100
a 50 47 100
a 47 51 540
a 51 47 540
a 47 52 900
a 52 47 900
a 47 53 789
a 53 47 789
a 47 57 385
a 57 47 385
a 47 58 183
a 58 47 183
a 47 62 199
a 62 47 199
a 47 63 370
a 63 47 370
a 47 67 599
a 67 47 599
a 47 68 848
a 68 47 848
a 47 69 519
a 69 47 519
a 47 70 962
a 70 47 962
a 47 71 470
a 71 47 470
a 47 72 340
a 72 47 340
a 47 73 422
a 73 47 422
a 47 74 427
a 74 47 427
a 47 77 132
a 77 47 132
a 47 78 171
a 78 47 171
a 47 79 971
a 79 47 971
a 47 81 970
a 81 47 970
a 47 82 101
a 82 47 101
a 47 83 611
a 83 47 611
a 47 84 932
a 84 47 932
a 47 85 892
a 85 47 892
a 47 86 209
a 86 47 209
a 47 87 779
a 87 47 779
a 47 88 855
a 88 47 855
a 47 89 557
a 89 47 557
a 47 90 329
a 90 47 329
a 47 91 789
a 91 47 789
a 47 92 570
a 92 47 570
a 47 93 438
a 93 47 438
a 47 94 844
a 94 47 844
a 47 95 263
a 95 47 263
a 47 96 196
a 96 47 196
a 47 97 967
a 97 47 967
a 47 98 218
a 98 47 218
a 47 99 144
a 99 47 144
a 47 100 763
a 100 47 763
a 48 49 757
a 49 48 757
a 48 51 438
a 51 48 438
a 48 52 549
a 52 48 549
a 48 54 991
a 54 48 991
a 48 55 267
a 55 48 267
a 48 58 952
a 58 48 952
a 48 59 847
a 59 48 847
a 48 60 659
a 60 48 659
a 48 62 738
a 62 48 738
a 48 63 151
a 63 48 151
a 48 65 229
a 65 48 229
a 48 66 580
a 66 48 580
a 48 69 110
a 69 48 110
a 48 71 674
a 71 48 674
a 48 72 501
a 72 48 501
a 48 73 585
a 73 48 585
a 48 75 454
a 75 48 454
a 48 77 183
a 77 48 183
a 48 79 588
a 79 48 588
a 48 80 434
a 80 48 434
a 48 82 424
a 82 48 424
a 48 83 220
a 83 48 220
a 48 84 785
a 84 48 785
a 48 85 812
a 85 48 812
a 48 87 687
a 87 48 687
a 48 88 106
a 88 48 106
a 48 89 710
a 89 48 710
a 48 90 221
a 90 48 221
a 48 92 791
a 92 48 791
a 48 93 522
a 93 48 522
a 48 94 549
a 94 48 549
a 48 95 350
a 95 48 350
a 48 96 870
a 96 48 870
a 48 97 373
a 97 48 373
a 48 98 580
a 98 48 580
a 48 99 759
a 99 48 759
a 48 100 939
a 100 48 939
a 49 50 693
a 50 49 693
a 49 51 285
a 51 49 285
a 49 52 638
a 52 49 638
a 49 53 269
a 53 49 269
a 49 54 674
a 54 49 674
a 49 56 527
a 56 49 527
a 49 59 461
a 59 49 461
a 49 61 943
a 61 49 943
a 49 62 328
a 62 49 328
a 49 64 864
a 64 49 864
a 49 65 381
a 65 49 381
a 49 66 696
a 66 49 696
a 49 69 519
a 69 49 519
a 49 70 236
a 70 49 236
a 49 71 608
a 71 49 608
a 49 72 720
a 72 49 720
a 49 73 715
a 73 49 715
a 49 75 998
a 75 49 998
a 49 76 172
a 76 49 172
a 49 77 653
a 77 49 653
a 49 78 704
a 78 49 704
a 49 80 900
a 80 49 900
a 49 84 826
a 84 49 826
a 49 85 272
a 85 49 272
a 49 86 184
a 86 49 184
a 49 88 955
a 88 49 955
a 49 89 967
a 89 49 967
a 49 91 214
a 91 49 214
a 49 92 609
a 92 49 609
a 49 93 529
a 93 49 529
a 49 94 887
a 94 49 887
a 49 95 299
a 95 49 299
a 49 96 480
a 96 49 480
a 49 97 453
a 97 49 453
a 49 98 276
a 98 49 276
a 49 99 629
a 99 49 629
a 49 100 925
a 100 49 925
a 50 54 760
a 54 50 760
a 50 55 618
a 55 50 618
a 50 58 583
a 58 50 583
a 50 59 536
a 59 50 536
a 50 60 803
a 60 50 803
a 50 62 865
a 62 50 865
a 50 63 855
a 63 50 855
a 50 65 908
a 65 50 908
a 50 70 683
a 70 50 683
a 50 71 572
a 71 50 572
a 50 72 958
a 72 50 958
a 50 73 601
a 73 50 601
a 50 76 260
a 76 50 260
a 50 78 901
a 78 50 901
a 50 80 279
a 80 50 279
a 50 81 924
a 81 50 924
a 50 82 348
a 82 50 348
a 50 84 963
a 84 50 963
a 50 85 311
a 85 50 311
a 50 86 686
a 86 50 686
a 50 87 217
a 87 50 217
a 50 88 739
a 88 50 739
a 50 89 579
a 89 50 579
a 50 90 117
a 90 50 117
a 50 91 627
a 91 50 627
a 50 92 651
a 92 50 651
a 50 93 262
a 93 50 262
a 50 94 550
a 94 50 550
a 50 95 374
a 95 50 374
a 50 97 279
a 97 50 279
a 50 98 938
a 98 50 938
a 50 99 341
a 99 50 341
a 50 100 238
a 100 50 238
a 51 53 380
a 53 51 380
a 51 55 964
a 55 51 964
a 51 56 101
a 56 51 101
a 51 57 423
a 57 51 423
a 51 58 743
a 58 51 743
a 51 59 649
a 59 51 649
a 51 60 523
a 60 51 523
a 51 61 388
a 61 51 388
a 51 62 783
a 62 51 783
a 51 63 247
a 63 51 247
a 51 65 370
a 65 51 370
a 51 66 808
a 66 51 808
a 51 68 780
a 68 51 780
a 51 69 417
a 69 51 417
a 51 70 707
a 70 51 707
a 51 71 616
a 71 51 616
a 51 72 790
a 72 51 790
a 51 73 153
a 73 51 153
a 51 74 734
a 74 51 734
a 51 75 932
a 75 51 932
a 51 76 621
a 76 51 621
a 51 77 845
a 77 51 845
a 51 78 380
a 78 51 380
a 51 80 743
a 80 51 743
a 51 81 396
a 81 51 396
a 51 83 249
a 83 51 249
a 51 85 812
a 85 51 812
a 51 86 462
a 86 51 462
a 51 87 298
a 87 51 298
a 51 90 937
a 90 51 937
a 51 91 517
a 91 51 517
a 51 92 630
a 92 51 630
a 51 94 763
a 94 51 763
a 51 95 437
a 95 51 437
a 51 96 498
a 96 51 498
a 51 97 592
a 97 51 592
a 51 98 270
a 98 51 270
a 51 100 246
a 100 51 246
a 52 54 428
a 54 52 428
a 52 55 617
a 55 52 617
a 52 57 447
a 57 52 447
a 52 58 612
a 58 52 612
a 52 59 982
a 59 52 982
a 52 60 803
a 60 52 803
a 52 61 474
a 61 52 474
a 52 62 990
a 62 52 990
a 52 63 423
a 63 52 423
a 52 64 222
a 64 52 222
a 52 65 829
a 65 52 829
a 52 66 975
a 66 52 975
a 52 67 933
a 67 52 933
a 52 68 607
a 68 52 607
a 52 70 686
a 70 52 686
a 52 71 721
a 71 52 721
a 52 72 706
a 72 52 706
a 52 73 570
a 73 52 570
a 52 74 504
a 74 52 504
a 52 76 958
a 76 52 958
a 52 77 720
a 77 52 720
a 52 78 212
a 78 52 212
a 52 79 426
a 79 52 426
a 52 80 578
a 80 52 578
a 52 83 215
a 83 52 215
a 52 85 135
a 85 52 135
a 52 86 914
a 86 52 914
a 52 87 415
a 87 52 415
a 52 88 920
a 88 52 920
a 52 89 367
a 89 52 367
a 52 90 980
a 90 52 980
a 52 92 703
a 92 52 703
a 52 93 588
a 93 52 588
a 52 94 206
a 94 52 206
a 52 95 614
a 95 52 614
a 52 96 562
a 96 52 562
a 52 98 676
a 98 52 676
a 52 99 611
a 99 52 611
a 52 100 714
a 100 52 714
a 53 55 953
a 55 53 953
a 53 56 190
a 56 53 190
a 53 57 665
a 57 53 665
a 53 58 723
a 58 53 723
a 53 59 238
a 59 53 238
a 53 60 787
a 60 53 787
a 53 61 230
a 61 53 230
a 53 62 837
a 62 53 837
a 53 63 782
a 63 53 782
a 53 64 929
a 64 53 929
a 53 65 866
a 65 53 866
a 53 66 307
a 66 53 307
a 53 67 341
a 67 53 341
a 53 68 174
a 68 53 174
a 53 69 980
a 69 53 980
a 53 70 513
a 70 53 513
a 53 71 207
a 71 53 207
a 53 72 789
a 72 53 789
a 53 73 970
a 73 53 970
a 53 76 991
a 76 53 991
a 53 78 356
a 78 53 356
a 53 79 825
a 79 53 825
a 53 82 935
a 82 53 935
a 53 83 966
a 83 53 966
a 53 85 252
a 85 53 252
a 53 86 725
a 86 53 725
a 53 87 202
a 87 53 202
a 53 88 268
a 88 53 268
a 53 89 199
a 89 53 199
a 53 90 783
a 90 53 783
a 53 91 719
a 91 53 719
a 53 92 603
a 92 53 603
a 53 93 774
a 93 53 774
a 53 94 920
a 94 53 920
a 53 95 123
a 95 53 123
a 53 96 717
a 96 53 717
a 53 97 889
a 97 53 889
a 53 98 229
a 98 53 229
a 53 99 170
a 99 53 170
a 53 100 544
a 100 53 544
a 54 55 339
a 55 54 339
a 54 56 518
a 56 54 518
a 54 57 989
a 57 54 989
a 54 58 468
a 58 54 468
a 54 59 124
a 59 54 124
a 54 60 454
a 60 54 454
a 54 61 933
a 61 54 933
a 54 62 779
a 62 54 779
a 54 63 584
a 63 54 584
a 54 64 382
a 64 54 382
a 54 65 483
a 65 54 483
a 54 66 915
a 66 54 915
a 54 68 713
a 68 54 713
a 54 69 818
a 69 54 818
a 54 70 505
a 70 54 505
a 54 71 666
a 71 54 666
a 54 75 231
a 75 54 231
a 54 77 863
a 77 54 863
a 54 79 919
a 79 54 919
a 54 80 300
a 80 54 300
a 54 81 510
a 81 54 510
a 54 82 558
a 82 54 558
a 54 83 459
a 83 54 459
a 54 85 923
a 85 54 923
a 54 87 381
a 87 54 381
a 54 88 444
a 88 54 444
a 54 89 343
a 89 54 343
a 54 90 359
a 90 54 359
a 54 91 819
a 91 54 819
a 54 92 531
a 92 54 531
a 54 93 522
a 93 54 522
a 54 95 520
a 95 54 520
a 54 96 529
a 96 54 529
a 54 97 712
a 97 54 712
a 54 98 878
a 98 54 878
a 54 100 423
a 100 54 423
a 55 56 328
a 56 55 328
a 55 57 844
a 57 55 844
a 55 58 924
a 58 55 924
a 55 59 400
a 59 55 400
a 55 60 656
a 60 55 656
a 55 61 991
a 61 55 991
a 55 62 544
a 62 55 544
a 55 63 570
a 63 55 570
a 55 65 248
a 65 55 248
a 55 66 280
a 66 55 280
a 55 68 664
a 68 55 664
a 55 69 523
a 69 55 523
a 55 70 690
a 70 55 690
a 55 71 123
a 71 55 123
a 55 72 541
a 72 55 541
a 55 73 510
a 73 55 510
a 55 74 343
a 74 55 343
a 55 75 143
a 75 55 143
a 55 76 987
a 76 55 987
a 55 77 399
a 77 55 399
a 55 78 846
a 78 55 846
a 55 79 450
a 79 55 450
a 55 80 733
a 80 55 733
a 55 82 900
a 82 55 900
a 55 83 607
a 83 55 607
a 55 85 806
a 85 55 806
a 55 86 717
a 86 55 717
a 55 87 368
a 87 55 368
a 55 88 730
a 88 55 730
a 55 89 433
a 89 55 433
a 55 91 885
a 91 55 885
a 55 93 541
a 93 55 541
a 55 95 805
a 95 55 805
a 55 96 603
a 96 55 603
a 55 97 768
a 97 55 768
a 55 98 843
a 98 55 843
a 55 99 103
a 99 55 103
a 55 100 895
a 100 55 895
a 56 57 719
a 57 56 719
a 56 59 318
a 59 56 318
a 56 61 261
a 61 56 261
a 56 62 290
a 62 56 290
a 56 63 691
a 63 56 691
a 56 64 525
a 64 56 525
a 56 65 821
a 65 56 821
a 56 66 159
a 66 56 159
a 56 67 453
a 67 56 453
a 56 68 825
a 68 56 825
a 56 69 475
a 69 56 475
a 56 70 375
a 70 56 375
a 56 71 120
a 71 56 120
a 56 72 706
a 72 56 706
a 56 74 923
a 74 56 923
a 56 75 822
a 75 56 822
a 56 76 885
a 76 56 885
a 56 77 753
a 77 56 753
a 56 78 462
a 78 56 462
a 56 79 228
a 79 56 228
a 56 80 193
a 80 56 193
a 56 83 672
a 83 56 672
a 56 86 292
a 86 56 292
a 56 87 937
a 87 56 937
a 56 88 626
a 88 56 626
a 56 89 384
a 89 56 384
a 56 90 434
a 90 56 434
a 56 91 104
a 91 56 104
a 56 93 106
a 93 56 106
a 56 94 862
a 94 56 862
a 56 95 668
a 95 56 668
a 56 96 558
a 96 56 558
a 56 97 986
a 97 56 986
a 56 98 790
a 98 56 790
a 56 99 773
a 99 56 773
a 56 100 553
a 100 56 553
a 57 59 512
a 59 57 512
a 57 60 265
a 60 57 265
a 57 62 573
a 62 57 573
a 57 63 777
a 63 57 777
a 57 64 1000
a 64 57 1000
a 57 65 979
a 65 57 979
a 57 66 128
a 66 57 128
a 57 67 657
a 67 57 657
a 57 68 768
a 68 57 768
a 57 69 363
a 69 57 363
a 57 70 553
a 70 57 553
a 57 72 257
a 72 57 257
a 57 73 532
a 73 57 532
a 57 74 110
a 74 57 110
a 57 76 832
a 76 57 832
a 57 77 562
a 77 57 562
a 57 78 348
a 78 57 348
a 57 79 112
a 79 57 112
a 57 80 168
a 80 57 168
a 57 81 647
a 81 57 647
a 57 82 523
a 82 57 523
a 57 83 873
a 83 57 873
a 57 84 936
a 84 57 936
a 57 85 316
a 85 57 316
a 57 86 176
a 86 57 176
a 57 88 886
a 88 57 886
a 57 90 819
a 90 57 819
a 57 91 790
a 91 57 790
a 57 92 650
a 92 57 650
a 57 93 809
a 93 57 809
a 57 94 194
a 94 57 194
a 57 95 568
a 95 57 568
a 57 96 854
a 96 57 854
a 57 97 229
a 97 57 229
a 57 98 794
a 98 57 794
a 57 99 167
a 99 57 167
a 57 100 722
a 100 57 722
a 58 59 564
a 59 58 564
a 58 60 528
a 60 58 528
a 58 61 410
a 61 58 410
a 58 63 218
a 63 58 218
a 58 64 659
a 64 58 659
a 58 65 910
a 65 58 910
a 58 66 564
a 66 58 564
a 58 67 710
a 67 58 710
a 58 68 796
a 68 58 796
a 58 69 606
a 69 58 606
a 58 70 312
a 70 58 312
a 58 73 448
a 73 58 448
a 58 74 570
a 74 58 570
a 58 75 941
a 75 58 941
a 58 76 509
a 76 58 509
a 58 78 316
a 78 58 316
a 58 80 722
a 80 58 722
a 58 81 489
a 81 58 489
a 58 82 570
a 82 58 570
a 58 83 804
a 83 58 804
a 58 84 355
a 84 58 355
a 58 85 972
a 85 58 972
a 58 86 659
a 86 58 659
a 58 87 111
a 87 58 111
a 58 88 771
a 88 58 771
a 58 89 600
a 89 58 600
a 58 91 942
a 91 58 942
a 58 92 296
a 92 58 296
a 58 94 178
a 94 58 178
a 58 96 719
a 96 58 719
a 58 97 637
a 97 58 637
a 58 98 722
a 98 58 722
a 58 100 548
a 100 58 548
a 59 61 961
a 61 59 961
a 59 64 227
a 64 59 227
a 59 65 131
a 65 59 131
a 59 70 641
a 70 59 641
a 59 71 949
a 71 59 949
a 59 72 430
a 72 59 430
a 59 73 776
a 73 59 776
a 59 74 742
a 74 59 742
a 59 75 267
a 75 59 267
a 59 76 368
a 76 59 368
a 59 77 964
a 77 59 964
a 59 78 176
a 78 59 176
a 59 80 217
a 80 59 217
a 59 82 579
a 82 59 579
a 59 83 540
a 83 59 540
a 59 84 682
a 84 59 682
a 59 85 742
a 85 59 742
a 59 87 945
a 87 59 945
a 59 88 949
a 88 59 949
a 59 89 423
a 89 59 423
a 59 90 103
a 90 59 103
a 59 91 154
a 91 59 154
a 59 92 818
a 92 59 818
a 59 94 281
a 94 59 281
a 59 95 241
a 95 59 241
a 59 96 646
a 96 59 646
a 59 97 927
a 97 59 927
a 59 98 891
a 98 59 891
a 59 99 196
a 99 59 196
a 59 100 297
a 100 59 297
a 60 61 462
a 61 60 462
a 60 63 136
a 63 60 136
a 60 64 396
a 64 60 396
a 60 65 278
a 65 60 278
a 60 66 327
a 66 60 327
a 60 68 140
a 68 60 140
a 60 69 663
a 69 60 663
a 60 70 739
a 70 60 739
a 60 71 342
a 71 60 342
a 60 72 722
a 72 60 722
a 60 73 242
a 73 60 242
a 60 75 185
a 75 60 185
a 60 76 792
a 76 60 792
a 60 77 561
a 77 60 561
a 60 78 376
a 78 60 376
a 60 79 126
a 79 60 126
a 60 80 314
a 80 60 314
a 60 81 998
a 81 60 998
a 60 82 985
a 82 60 985
a 60 84 977
a 84 60 977
a 60 86 830
a 86 60 830
a 60 87 883
a 87 60 883
a 60 88 820
a 88 60 820
a 60 89 894
a 89 60 894
a 60 92 763
a 92 60 763
a 60 93 585
a 93 60 585
a 60 94 873
a 94 60 873
a 60 95 332
a 95 60 332
a 60 98 982
a 98 60 982
a 60 99 859
a 99 60 859
a 60 100 115
a 100 60 115
a 61 63 964
a 63 61 964
a 61 64 192
a 64 61 192
a 61 65 478
a 65 61 478
a 61 66 253
a 66 61 253
a 61 67 181
a 67 61 181
a 61 68 512
a 68 61 512
a 61 69 819
a 69 61 819
a 61 70 286
a 70 61 286
a 61 71 916
a 71 61 916
a 61 72 405
a 72 61 405
a 61 74 248
a 74 61 248
a 61 76 112
a 76 61 112
a 61 77 648
a 77 61 648
a 61 78 546
a 78 61 546
a 61 79 356
a 79 61 356
a 61 82 152
a 82 61 152
a 61 83 985
a 83 61 985
a 61 84 164
a 84 61 164
a 61 85 421
a 85 61 421
a 61 86 586
a 86 61 586
a 61 88 741
a 88 61 741
a 61 89 149
a 89 61 149
a 61 91 809
a 91 61 809
a 61 93 560
a 93 61 560
a 61 94 509
a 94 61 509
a 61 95 455
a 95 61 455
a 61 96 930
a 96 61 930
a 61 97 856
a 97 61 856
a 61 98 956
a 98 61 956
a 61 99 256
a 99 61 256
a 61 100 559
a 100 61 559
a 62 63 853
a 63 62 853
a 62 64 888
a 64 62 888
a 62 65 948
a 65 62 948
a 62 66 685
a 66 62 685
a 62 67 301
a 67 62 301
a 62 68 274
a 68 62 274
a 62 70 738
a 70 62 738
a 62 71 784
a 71 62 784
a 62 72 510
a 72 62 510
a 62 73 928
a 73 62 928
a 62 74 560
a 74 62 560
a 62 76 230
a 76 62 230
a 62 77 418
a 77 62 418
a 62 78 906
a 78 62 906
a 62 79 518
a 79 62 518
a 62 81 330
a 81 62 330
a 62 83 503
a 83 62 503
a 62 84 533
a 84 62 533
a 62 85 221
a 85 62 221
a 62 86 517
a 86 62 517
a 62 88 579
a 88 62 579
a 62 89 646
a 89 62 646
a 62 90 823
a 90 62 823
a 62 91 333
a 91 62 333
a 62 92 600
a 92 62 600
a 62 93 578
a 93 62 578
a 62 95 455
a 95 62 455
a 62 97 153
a 97 62 153
a 62 98 475
a 98 62 475
a 62 99 169
a 99 62 169
a 62 100 788
a 100 62 788
a 63 64 598
a 64 63 598
a 63 66 465
a 66 63 465
a 63 67 335
a 67 63 335
a 63 69 426
a 69 63 426
a 63 70 871
a 70 63 871
a 63 73 599
a 73 63 599
a 63 76 996
a 76 63 996
a 63 77 586
a 77 63 586
a 63 78 473
a 78 63 473
a 63 82 322
a 82 63 322
a 63 83 664
a 83 63 664
a 63 84 147
a 84 63 147
a 63 85 542
a 85 63 542
a 63 86 264
a 86 63 264
a 63 87 577
a 87 63 577
a 63 88 430
a 88 63 430
a 63 89 426
a 89 63 426
a 63 90 876
a 90 63 876
a 63 91 999
a 91 63 999
a 63 92 942
a 92 63 942
a 63 93 513
a 93 63 513
a 63 94 656
a 94 63 656
a 63 95 287
a 95 63 287
a 63 96 598
a 96 63 598
a 63 97 499
a 97 63 499
a 63 98 759
a 98 63 759
a 63 99 779
a 99 63 779
a 63 100 563
a 100 63 563
a 64 66 685
a 66 64 685
a 64 67 595
a 67 64 595
a 64 68 470
a 68 64 470
a 64 69 511
a 69 64 511
a 64 70 186
a 70 64 186
a 64 72 934
a 72 64 934
a 64 73 279
a 73 64 279
a 64 74 864
a 74 64 864
a 64 75 695
a 75 64 695
a 64 77 548
a 77 64 548
a 64 78 124
a 78 64 124
a 64 79 457
a 79 64 457
a 64 80 639
a 80 64 639
a 64 81 316
a 81 64 316
a 64 82 669
a 82 64 669
a 64 83 844
a 83 64 844
a 64 84 177
a 84 64 177
a 64 85 884
a 85 64 884
a 64 86 433
a 86 64 433
a 64 87 752
a 87 64 752
a 64 88 384
a 88 64 384
a 64 89 890
a 89 64 890
a 64 90 992
a 90 64 992
a 64 91 704
a 91 64 704
a 64 92 264
a 92 64 264
a 64 93 544
a 93 64 544
a 64 94 913
a 94 64 913
a 64 95 527
a 95 64 527
a 64 96 288
a 96 64 288
a 64 97 231
a 97 64 231
a 64 98 953
a 98 64 953
a 64 100 631
a 100 64 631
a 65 67 724
a 67 65 724
a 65 68 978
a 68 65 978
a 65 69 123
a 69 65 123
a 65 70 434
a 70 65 434
a 65 73 315
a 73 65 315
a 65 75 288
a 75 65 288
a 65 76 174
a 76 65 174
a 65 77 630
a 77 65 630
a 65 78 482
a 78 65 482
a 65 79 974
a 79 65 974
a 65 80 847
a 80 65 847
a 65 81 981
a 81 65 981
a 65 82 701
a 82 65 701
a 65 83 996
a 83 65 996
a 65 84 551
a 84 65 551
a 65 86 999
a 86 65 999
a 65 87 217
a 87 65 217
a 65 88 195
a 88 65 195
a 65 89 381
a 89 65 381
a 65 90 621
a 90 65 621
a 65 91 188
a 91 65 188
a 65 92 254
a 92 65 254
a 65 93 938
a 93 65 938
a 65 94 223
a 94 65 223
a 65 95 651
a 95 65 651
a 65 96 677
a 96 65 677
a 65 97 324
a 97 65 324
a 65 98 444
a 98 65 444
a 65 99 590
a 99 65 590
a 65 100 872
a 100 65 872
a 66 68 282
a 68 66 282
a 66 69 610
a 69 66 610
a 66 70 764
a 70 66 764
a 66 71 271
a 71 66 271
a 66 73 906
a 73 66 906
a 66 75 119
a 75 66 119
a 66 76 449
a 76 66 449
a 66 77 849
a 77 66 849
a 66 78 341
a 78 66 341
a 66 79 100
a 79 66 100
a 66 80 748
a 80 66 748
a 66 81 989
a 81 66 989
a 66 82 139
a 82 66 139
a 66 83 855
a 83 66 855
a 66 84 144
a 84 66 144
a 66 85 346
a 85 66 346
a 66 86 749
a 86 66 749
a 66 87 218
a 87 66 218
a 66 89 310
a 89 66 310
a 66 91 186
a 91 66 186
a 66 92 648
a 92 66 648
a 66 93 435
a 93 66 435
a 66 94 121
a 94 66 121
a 66 95 109
a 95 66 109
a 66 96 950
a 96 66 950
a 66 97 263
a 97 66 263
a 66 98 476
a 98 66 476
a 66 99 637
a 99 66 637
a 66 100 101
a 100 66 101
a 67 68 879
a 68 67 879
a 67 69 897
a 69 67 897
a 67 71 723
a 71 67 723
a 67 72 187
a 72 67 187
a 67 73 257
a 73 67 257
a 67 74 855
a 74 67 855
a 67 76 117
a 76 67 117
a 67 77 467
a 77 67 467
a 67 80 466
a 80 67 466
a 67 81 174
a 81 67 174
a 67 82 765
a 82 67 765
a 67 83 597
a 83 67 597
a 67 87 662
a 87 67 662
a 67 88 469
a 88 67 469
a 67 90 503
a 90 67 503
a 67 91 815
a 91 67 815
a 67 92 587
a 92 67 587
a 67 93 157
a 93 67 157
a 67 94 522
a 94 67 522
a 67 95 720
a 95 67 720
a 67 96 787
a 96 67 787
a 67 97 815
a 97 67 815
a 67 98 743
a 98 67 743
a 67 99 510
a 99 67 510
a 67 100 243
a 100 67 243
a 68 69 821
a 69 68 821
a 68 70 188
a 70 68 188
a 68 71 131
a 71 68 131
a 68 73 461
a 73 68 461
a 68 75 787
a 75 68 787
a 68 76 128
a 76 68 128
a 68 77 931
a 77 68 931
a 68 78 310
a 78 68 310
a 68 79 823
a 79 68 823
a 68 81 249
a 81 68 249
a 68 82 129
a 82 68 129
a 68 83 705
a 83 68 705
a 68 84 892
a 84 68 892
a 68 86 549
a 86 68 549
a 68 87 891
a 87 68 891
a 68 88 198
a 88 68 198
a 68 89 226
a 89 68 226
a 68 90 250
a 90 68 250
a 68 91 713
a 91 68 713
a 68 92 320
a 92 68 320
a 68 93 289
a 93 68 289
a 68 94 635
a 94 68 635
a 68 95 686
a 95 68 686
a 68 97 848
a 97 68 848
a 68 98 330
a 98 68 330
a 68 100 867
a 100 68 867
a 69 71 848
a 71 69 848
a 69 72 886
a 72 69 886
a 69 73 193
a 73 69 193
a 69 74 372
a 74 69 372
a 69 76 401
a 76 69 401
a 69 77 829
a 77 69 829
a 69 78 621
a 78 69 621
a 69 79 357
a 79 69 357
a 69 82 134
a 82 69 134
a 69 83 674
a 83 69 674
a 69 84 536
a 84 69 536
a 69 85 382
a 85 69 382
a 69 86 602
a 86 69 602
a 69 87 359
a 87 69 359
a 69 88 390
a 88 69 390
a 69 90 378
a 90 69 378
a 69 91 997
a 91 69 997
a 69 93 274
a 93 69 274
a 69 94 899
a 94 69 899
a 69 95 219
a 95 69 219
a 69 96 483
a 96 69 483
a 69 97 375
a 97 69 375
a 69 98 241
a 98 69 241
a 69 99 700
a 99 69 700
a 69 100 536
a 100 69 536
a 70 71 852
a 71 70 852
a 70 72 374
a 72 70 374
a 70 73 151
a 73 70 151
a 70 74 103
a 74 70 103
a 70 76 829
a 76 70 829
a 70 78 700
a 78 70 700
a 70 79 665
a 79 70 665
a 70 80 388
a 80 70 388
a 70 81 454
a 81 70 454
a 70 82 472
a 82 70 472
a 70 83 353
a 83 70 353
a 70 84 160
a 84 70 160
a 70 85 546
a 85 70 546
a 70 86 345
a 86 70 345
a 70 88 775
a 88 70 775
a 70 89 140
a 89 70 140
a 70 90 226
a 90 70 226
a 70 91 250
a 91 70 250
a 70 92 216
a 92 70 216
a 70 93 722
a 93 70 722
a 70 94 306
a 94 70 306
a 70 95 815
a 95 70 815
a 70 96 429
a 96 70 429
a 70 98 142
a 98 70 142
a 70 99 947
a 99 70 947
a 70 100 408
a 100 70 408
a 71 72 432
a 72 71 432
a 71 73 968
a 73 71 968
a 71 74 720
a 74 71 720
a 71 75 769
a 75 71 769
a 71 76 220
a 76 71 220
a 71 78 997
a 78 71 997
a 71 79 209
a 79 71 209
a 71 80 892
a 80 71 892
a 71 81 910
a 81 71 910
a 71 82 913
a 82 71 913
a 71 83 194
a 83 71 194
a 71 84 575
a 84 71 575
a 71 85 768
a 85 71 768
a 71 86 618
a 86 71 618
a 71 87 225
a 87 71 225
a 71 88 686
a 88 71 686
a 71 89 864
a 89 71 864
a 71 91 408
a 91 71 408
a 71 92 779
a 92 71 779
a 71 93 932
a 93 71 932
a 71 94 882
a 94 71 882
a 71 95 415
a 95 71 415
a 71 96 175
a 96 71 175
a 71 97 641
a 97 71 641
a 71 98 895
a 98 71 895
a 71 99 264
a 99 71 264
a 71 100 469
a 100 71 469
a 72 73 206
a 73 72 206
a 72 74 293
a 74 72 293
a 72 75 775
a 75 72 775
a 72 77 536
a 77 72 536
a 72 79 289
a 79 72 289
a 72 81 940
a 81 72 940
a 72 83 896
a 83 72 896
a 72 85 835
a 85 72 835
a 72 86 893
a 86 72 893
a 72 87 868
a 87 72 868
a 72 88 802
a 88 72 802
a 72 89 550
a 89 72 550
a 72 90 265
a 90 72 265
a 72 91 229
a 91 72 229
a 72 92 165
a 92 72 165
a 72 93 519
a 93 72 519
a 72 94 147
a 94 72 147
a 72 95 770
a 95 72 770
a 72 96 669
a 96 72 669
a 72 97 560
a 97 72 560
a 72 98 379
a 98 72 379
a 72 99 164
a 99 72 164
a 72 100 664
a 100 72 664
a 73 74 147
a 74 73 147
a 73 75 481
a 75 73 481
a 73 76 153
a 76 73 153
a 73 77 703
a 77 73 703
a 73 78 470
a 78 73 470
a 73 79 592
a 79 73 592
a 73 80 550
a 80 73 550
a 73 81 789
a 81 73 789
a 73 82 838
a 82 73 838
a 73 84 769
a 84 73 769
a 73 85 846
a 85 73 846
a 73 86 238
a 86 73 238
a 73 87 120
a 87 73 120
a 73 88 103
a 88 73 103
a 73 89 769
a 89 73 769
a 73 90 519
a 90 73 519
a 73 91 607
a 91 73 607
a 73 92 469
a 92 73 469
a 73 93 586
a 93 73 586
a 73 94 356
a 94 73 356
a 73 95 579
a 95 73 579
a 73 96 836
a 96 73 836
a 73 97 295
a 97 73 295
a 73 98 826
a 98 73 826
a 73 99 996
a 99 73 996
a 73 100 957
a 100 73 957
a 74 76 597
a 76 74 597
a 74 77 560
a 77 74 560
a 74 78 203
a 78 74 203
a 74 79 768
a 79 74 768
a 74 81 318
a 81 74 318
a 74 82 800
a 82 74 800
a 74 83 803
a 83 74 803
a 74 86 362
a 86 74 362
a 74 88 768
a 88 74 768
a 74 89 591
a 89 74 591
a 74 91 894
a 91 74 894
a 74 93 150
a 93 74 150
a 74 94 999
a 94 74 999
a 74 95 986
a 95 74 986
a 74 96 205
a 96 74 205
a 74 97 966
a 97 74 966
a 74 98 918
a 98 74 918
a 75 76 722
a 76 75 722
a 75 77 756
a 77 75 756
a 75 78 118
a 78 75 118
a 75 79 1000
a 79 75 1000
a 75 80 642
a 80 75 642
a 75 81 141
a 81 75 141
a 75 82 146
a 82 75 146
a 75 83 583
a 83 75 583
a 75 84 167
a 84 75 167
a 75 86 750
a 86 75 750
a 75 87 966
a 87 75 966
a 75 88 190
a 88 75 190
a 75 89 520
a 89 75 520
a 75 90 852
a 90 75 852
a 75 91 241
a 91 75 241
a 75 92 432
a 92 75 432
a 75 94 565
a 94 75 565
a 75 95 633
a 95 75 633
a 75 96 139
a 96 75 139
a 75 97 186
a 97 75 186
a 75 98 754
a 98 75 754
a 75 100 564
a 100 75 564
a 76 77 107
a 77 76 107
a 76 78 481
a 78 76 481
a 76 79 736
a 79 76 736
a 76 80 454
a 80 76 454
a 76 81 845
a 81 76 845
a 76 82 952
a 82 76 952
a 76 84 556
a 84 76 556
a 76 85 859
a 85 76 859
a 76 86 977
a 86 76 977
a 76 87 150
a 87 76 150
a 76 88 804
a 88 76 804
a 76 89 564
a 89 76 564
a 76 90 740
a 90 76 740
a 76 91 209
a 91 76 209
a 76 92 348
a 92 76 348
a 76 93 929
a 93 76 929
a 76 94 636
a 94 76 636
a 76 95 170
a 95 76 170
a 76 96 552
a 96 76 552
a 76 97 636
a 97 76 636
a 76 98 783
a 98 76 783
a 76 99 258
a 99 76 258
a 76 100 427
a 100 76 427
a 77 78 118
a 78 77 118
a 77 80 613
a 80 77 613
a 77 81 883
a 81 77 883
a 77 84 285
a 84 77 285
a 77 85 172
a 85 77 172
a 77 86 799
a 86 77 799
a 77 87 789
a 87 77 789
a 77 88 725
a 88 77 725
a 77 89 723
a 89 77 723
a 77 90 692
a 90 77 692
a 77 91 534
a 91 77 534
a 77 92 868
a 92 77 868
a 77 93 775
a 93 77 775
a 77 94 106
a 94 77 106
a 77 95 466
a 95 77 466
a 77 96 541
a 96 77 541
a 77 98 678
a 98 77 678
a 77 99 945
a 99 77 945
a 78 79 710
a 79 78 710
a 78 80 311
a 80 78 311
a 78 81 188
a 81 78 188
a 78 82 412
a 82 78 412
a 78 83 796
a 83 78 796
a 78 84 709
a 84 78 709
a 78 85 525
a 85 78 525
a 78 86 827
a 86 78 827
a 78 87 178
a 87 78 178
a 78 88 756
a 88 78 756
a 78 89 280
a 89 78 280
a 78 90 114
a 90 78 114
a 78 91 192
a 91 78 192
a 78 92 902
a 92 78 902
a 78 93 265
a 93 78 265
a 78 94 545
a 94 78 545
a 78 95 333
a 95 78 333
a 78 96 763
a 96 78 763
a 78 97 277
a 97 78 277
a 78 98 138
a 98 78 138
a 78 99 440
a 99 78 440
a 78 100 406
a 100 78 406
a 79 80 197
a 80 79 197
a 79 84 213
a 84 79 213
a 79 85 344
a 85 79 344
a 79 88 232
a 88 79 232
a 79 89 187
a 89 79 187
a 79 90 935
a 90 79 935
a 79 91 377
a 91 79 377
a 79 92 170
a 92 79 170
a 79 93 378
a 93 79 378
a 79 94 966
a 94 79 966
a 79 95 694
a 95 79 694
a 79 96 466
a 96 79 466
a 79 97 649
a 97 79 649
a 79 98 229
a 98 79 229
a 79 99 695
a 99 79 695
a 79 100 553
a 100 79 553
a 80 81 999
a 81 80 999
a 80 83 365
a 83 80 365
a 80 84 590
a 84 80 590
a 80 86 719
a 86 80 719
a 80 87 969
a 87 80 969
a 80 88 561
a 88 80 561
a 80 89 680
a 89 80 680
a 80 90 694
a 90 80 694
a 80 91 998
a 91 80 998
a 80 92 339
a 92 80 339
a 80 93 711
a 93 80 711
a 80 94 995
a 94 80 995
a 80 95 436
a 95 80 436
a 80 96 216
a 96 80 216
a 80 97 326
a 97 80 326
a 80 98 892
a 98 80 892
a 80 99 864
a 99 80 864
a 80 100 246
a 100 80 246
a 81 83 558
a 83 81 558
a 81 84 187
a 84 81 187
a 81 85 926
a 85 81 926
a 81 86 526
a 86 81 526
a 81 88 475
a 88 81 475
a 81 89 734
a 89 81 734
a 81 91 462
a 91 81 462
a 81 92 713
a 92 81 713
a 81 93 542
a 93 81 542
a 81 94 808
a 94 81 808
a 81 95 391
a 95 81 391
a 81 96 598
a 96 81 598
a 81 97 352
a 97 81 352
a 81 98 145
a 98 81 145
a 81 99 675
a 99 81 675
a 81 100 930
a 100 81 930
a 82 83 572
a 83 82 572
a 82 84 707
a 84 82 707
a 82 85 924
a 85 82 924
a 82 86 320
a 86 82 320
a 82 87 320
a 87 82 320
a 82 88 308
a 88 82 308
a 82 89 470
a 89 82 470
a 82 90 205
a 90 82 205
a 82 91 632
a 91 82 632
a 82 92 809
a 92 82 809
a 82 93 645
a 93 82 645
a 82 94 238
a 94 82 238
a 82 95 152
a 95 82 152
a 82 96 601
a 96 82 601
a 82 97 883
a 97 82 883
a 82 98 939
a 98 82 939
a 82 99 670
a 99 82 670
a 82 100 758
a 100 82 758
a 83 84 592
a 84 83 592
a 83 85 705
a 85 83 705
a 83 86 253
a 86 83 253
a 83 87 687
a 87 83 687
a 83 88 903
a 88 83 903
a 83 89 606
a 89 83 606
a 83 90 851
a 90 83 851
a 83 91 750
a 91 83 750
a 83 93 126
a 93 83 126
a 83 94 776
a 94 83 776
a 83 95 717
a 95 83 717
a 83 96 740
a 96 83 740
a 83 98 340
a 98 83 340
a 83 99 630
a 99 83 630
a 83 100 411
a 100 83 411
a 84 85 134
a 85 84 134
a 84 86 197
a 86 84 197
a 84 88 245
a 88 84 245
a 84 89 151
a 89 84 151
a 84 90 161
a 90 84 161
a 84 91 241
a 91 84 241
a 84 93 958
a 93 84 958
a 84 95 718
a 95 84 718
a 84 96 922
a 96 84 922
a 84 97 639
a 97 84 639
a 84 98 213
a 98 84 213
a 84 99 341
a 99 84 341
a 84 100 726
a 100 84 726
a 85 86 237
a 86 85 237
a 85 87 314
a 87 85 314
a 85 88 465
a 88 85 465
a 85 89 975
a 89 85 975
a 85 90 279
a 90 85 279
a 85 92 451
a 92 85 451
a 85 93 196
a 93 85 196
a 85 94 554
a 94 85 554
a 85 95 826
a 95 85 826
a 85 96 315
a 96 85 315
a 85 97 189
a 97 85 189
a 85 98 571
a 98 85 571
a 85 99 349
a 99 85 349
a 85 100 222
a 100 85 222
a 86 87 650
a 87 86 650
a 86 88 662
a 88 86 662
a 86 89 124
a 89 86 124
a 86 90 916
a 90 86 916
a 86 91 346
a 91 86 346
a 86 92 352
a 92 86 352
a 86 93 262
a 93 86 262
a 86 94 673
a 94 86 673
a 86 95 349
a 95 86 349
a 86 96 570
a 96 86 570
a 86 97 704
a 97 86 704
a 86 98 687
a 98 86 687
a 86 99 238
a 99 86 238
a 86 100 874
a 100 86 874
a 87 88 853
a 88 87 853
a 87 89 992
a 89 87 992
a 87 90 674
a 90 87 674
a 87 91 837
a 91 87 837
a 87 92 810
a 92 87 810
a 87 93 699
a 93 87 699
a 87 94 470
a 94 87 470
a 87 95 150
a 95 87 150
a 87 96 409
a 96 87 409
a 87 97 389
a 97 87 389
a 87 98 417
a 98 87 417
a 87 99 137
a 99 87 137
a 87 100 785
a 100 87 785
a 88 89 890
a 89 88 890
a 88 90 973
a 90 88 973
a 88 91 918
a 91 88 918
a 88 93 620
a 93 88 620
a 88 94 757
a 94 88 757
a 88 95 553
a 95 88 553
a 88 96 779
a 96 88 779
a 88 97 766
a 97 88 766
a 88 98 1000
a 98 88 1000
a 88 99 653
a 99 88 653
a 88 100 667
a 100 88 667
a 89 90 761
a 90 89 761
a 89 91 145
a 91 89 145
a 89 92 275
a 92 89 275
a 89 93 775
a 93 89 775
a 89 94 671
a 94 89 671
a 89 95 641
a 95 89 641
a 89 96 226
a 96 89 226
a 89 97 866
a 97 89 866
a 89 98 211
a 98 89 211
a 89 99 544
a 99 89 544
a 89 100 753
a 100 89 753
a 90 91 507
a 91 90 507
a 90 92 799
a 92 90 799
a 90 93 854
a 93 90 854
a 90 94 444
a 94 90 444
a 90 95 164
a 95 90 164
a 90 96 531
a 96 90 531
a 90 97 624
a 97 90 624
a 90 99 539
a 99 90 539
a 90 100 532
a 100 90 532
a 91 92 864
a 92 91 864
a 91 93 681
a 93 91 681
a 91 94 478
a 94 91 478
a 91 95 536
a 95 91 536
a 91 96 635
a 96 91 635
a 91 97 479
a 97 91 479
a 91 98 193
a 98 91 193
a 91 100 354
a 100 91 354
a 92 93 823
a 93 92 823
a 92 94 552
a 94 92 552
a 92 95 311
a 95 92 311
a 92 96 195
a 96 92 195
a 92 97 281
a 97 92 281
a 92 98 191
a 98 92 191
a 92 99 506
a 99 92 506
a 92 100 649
a 100 92 649
a 93 94 778
a 94 93 778
a 93 96 577
a 96 93 577
a 93 97 828
a 97 93 828
a 93 98 653
a 98 93 653
a 93 99 285
a 99 93 285
a 93 100 129
a 100 93 129
a 94 95 708
a 95 94 708
a 94 96 366
a 96 94 366
a 94 97 511
a 97 94 511
a 94 98 262
a 98 94 262
a 94 99 338
a 99 94 338
a 94 100 750
a 100 94 750
a 95 96 714
a 96 95 714
a 95 97 614
a 97 95 614
a 95 98 452
a 98 95 452
a 95 99 396
a 99 95 396
a 95 100 575
a 100 95 575
a 96 97 992
a 97 96 992
a 96 98 571
a 98 96 571
a 96 99 475
a 99 96 475
a 96 100 964
a 100 96 964
a 97 98 344
a 98 97 344
a 97 99 349
a 99 97 349
a 97 100 706
a 100 97 706
a 98 99 321
a 99 98 321
a 98 100 763
a 100 98 763
a 99 100 823
a 100 99 823
