p sp 100 6598
c
a 1 3 176
a 3 1 176
a 1 4 231
a 4 1 231
a 1 5 710
a 5 1 710
a 1 7 730
a 7 1 730
a 1 8 647
a 8 1 647
a 1 9 233
a 9 1 233
a 1 10 812
a 10 1 812
a 1 11 937
a 11 1 937
a 1 13 554
a 13 1 554
a 1 15 564
a 15 1 564
a 1 16 835
a 16 1 835
a 1 17 377
a 17 1 377
a 1 18 644
a 18 1 644
a 1 19 837
a 19 1 837
a 1 21 614
a 21 1 614
a 1 22 320
a 22 1 320
a 1 29 516
a 29 1 516
a 1 30 627
a 30 1 627
a 1 31 369
a 31 1 369
a 1 32 378
a 32 1 378
a 1 33 150
a 33 1 150
a 1 35 780
a 35 1 780
a 1 36 984
a 36 1 984
a 1 38 573
a 38 1 573
a 1 40 288
a 40 1 288
a 1 44 878
a 44 1 878
a 1 45 125
a 45 1 125
a 1 46 176
a 46 1 176
a 1 47 649
a 47 1 649
a 1 48 914
a 48 1 914
a 1 49 733
a 49 1 733
a 1 50 865
a 50 1 865
a 1 52 453
a 52 1 453
a 1 53 884
a 53 1 884
a 1 54 984
a 54 1 984
a 1 59 922
a 59 1 922
a 1 61 534
a 61 1 534
a 1 62 656
a 62 1 656
a 1 63 662
a 63 1 662
a 1 64 932
a 64 1 932
a 1 65 952
a 65 1 952
a 1 68 368
a 68 1 368
a 1 69 530
a 69 1 530
a 1 71 437
a 71 1 437
a 1 73 240
a 73 1 240
a 1 75 903
a 75 1 903
a 1 76 934
a 76 1 934
a 1 78 792
a 78 1 792
a 1 79 278
a 79 1 278
a 1 80 364
a 80 1 364
a 1 81 600
a 81 1 600
a 1 82 677
a 82 1 677
a 1 83 933
a 83 1 933
a 1 84 728
a 84 1 728
a 1 85 128
a 85 1 128
a 1 86 751
a 86 1 751
a 1 87 783
a 87 1 783
a 1 88 333
a 88 1 333
a 1 89 609
a 89 1 609
a 1 92 185
a 92 1 185
a 1 94 423
a 94 1 423
a 1 95 794
a 95 1 794
a 1 96 423
a 96 1 423
a 1 99 296
a 99 1 296
a 1 100 113
a 100 1 113
a 2 4 521
a 4 2 521
a 2 6 668
a 6 2 668
a 2 9 291
a 9 2 291
a 2 10 435
a 10 2 435
a 2 11 727
a 11 2 727
a 2 12 191
a 12 2 191
a 2 14 294
a 14 2 294
a 2 15 979
a 15 2 979
a 2 16 501
a 16 2 501
a 2 17 954
a 17 2 954
a 2 19 203
a 19 2 203
a 2 20 959
a 20 2 959
a 2 21 741
a 21 2 741
a 2 24 335
a 24 2 335
a 2 25 588
a 25 2 588
a 2 26 506
a 26 2 506
a 2 27 914
a 27 2 914
a 2 29 522
a 29 2 522
a 2 30 462
a 30 2 462
a 2 32 297
a 32 2 297
a 2 35 819
a 35 2 819
a 2 38 994
a 38 2 994
a 2 39 596
a 39 2 596
a 2 41 676
a 41 2 676
a 2 43 617
a 43 2 617
a 2 44 508
a 44 2 508
a 2 45 747
a 45 2 747
a 2 46 448
a 46 2 448
a 2 48 466
a 48 2 466
a 2 49 1000
a 49 2 1000
a 2 51 686
a 51 2 686
a 2 53 565
a 53 2 565
a 2 54 421
a 54 2 421
a 2 55 324
a 55 2 324
a 2 56 317
a 56 2 317
a 2 57 575
a 57 2 575
a 2 58 711
a 58 2 711
a 2 59 272
a 59 2 272
a 2 60 307
a 60 2 307
a 2 62 836
a 62 2 836
a 2 63 239
a 63 2 239
a 2 64 292
a 64 2 292
a 2 65 761
a 65 2 761
a 2 66 264
a 66 2 264
a 2 67 147
a 67 2 147
a 2 68 964
a 68 2 964
a 2 69 602
a 69 2 602
a 2 71 153
a 71 2 153
a 2 74 718
a 74 2 718
a 2 75 309
a 75 2 309
a 2 76 354
a 76 2 354
a 2 77 527
a 77 2 527
a 2 79 760
a 79 2 760
a 2 80 547
a 80 2 547
a 2 81 611
a 81 2 611
a 2 83 181
a 83 2 181
a 2 84 956
a 84 2 956
a 2 85 331
a 85 2 331
a 2 86 714
a 86 2 714
a 2 87 356
a 87 2 356
a 2 88 829
a 88 2 829
a 2 89 342
a 89 2 342
a 2 91 892
a 91 2 892
a 2 92 804
a 92 2 804
a 2 94 424
a 94 2 424
a 2 95 331
a 95 2 331
a 2 96 666
a 96 2 666
a 2 97 361
a 97 2 361
a 2 98 683
a 98 2 683
a 2 99 363
a 99 2 363
a 2 100 382
a 100 2 382
a 3 4 160
a 4 3 160
a 3 5 861
a 5 3 861
a 3 6 434
a 6 3 434
a 3 7 941
a 7 3 941
a 3 9 625
a 9 3 625
a 3 10 445
a 10 3 445
a 3 13 216
a 13 3 216
a 3 16 451
a 16 3 451
a 3 17 506
a 17 3 506
a 3 20 926
a 20 3 926
a 3 21 329
a 21 3 329
a 3 23 203
a 23 3 203
a 3 25 635
a 25 3 635
a 3 27 805
a 27 3 805
a 3 28 261
a 28 3 261
a 3 29 996
a 29 3 996
a 3 32 254
a 32 3 254
a 3 33 666
a 33 3 666
a 3 36 465
a 36 3 465
a 3 37 445
a 37 3 445
a 3 38 994
a 38 3 994
a 3 39 112
a 39 3 112
a 3 43 779
a 43 3 779
a 3 44 567
a 44 3 567
a 3 45 942
a 45 3 942
a 3 47 957
a 47 3 957
a 3 48 295
a 48 3 295
a 3 49 526
a 49 3 526
a 3 50 620
a 50 3 620
a 3 51 866
a 51 3 866
a 3 53 374
a 53 3 374
a 3 54 799
a 54 3 799
a 3 55 228
a 55 3 228
a 3 56 123
a 56 3 123
a 3 57 141
a 57 3 141
a 3 60 874
a 60 3 874
a 3 61 356
a 61 3 356
a 3 62 123
a 62 3 123
a 3 63 744
a 63 3 744
a 3 66 323
a 66 3 323
a 3 67 931
a 67 3 931
a 3 68 697
a 68 3 697
a 3 73 876
a 73 3 876
a 3 76 847
a 76 3 847
a 3 77 717
a 77 3 717
a 3 79 546
a 79 3 546
a 3 81 118
a 81 3 118
a 3 82 696
a 82 3 696
a 3 83 429
a 83 3 429
a 3 86 858
a 86 3 858
a 3 88 305
a 88 3 305
a 3 89 597
a 89 3 597
a 3 90 779
a 90 3 779
a 3 91 837
a 91 3 837
a 3 92 192
a 92 3 192
a 3 93 115
a 93 3 115
a 3 95 789
a 95 3 789
a 3 96 835
a 96 3 835
a 3 97 160
a 97 3 160
a 3 98 287
a 98 3 287
a 3 99 597
a 99 3 597
a 3 100 288
a 100 3 288
a 4 5 348
a 5 4 348
a 4 8 546
a 8 4 546
a 4 10 485
a 10 4 485
a 4 11 168
a 11 4 168
a 4 14 787
a 14 4 787
a 4 16 399
a 16 4 399
a 4 26 406
a 26 4 406
a 4 27 563
a 27 4 563
a 4 29 114
a 29 4 114
a 4 30 1000
a 30 4 1000
a 4 33 771
a 33 4 771
a 4 35 923
a 35 4 923
a 4 36 398
a 36 4 398
a 4 37 814
a 37 4 814
a 4 38 143
a 38 4 143
a 4 39 569
a 39 4 569
a 4 40 497
a 40 4 497
a 4 42 288
a 42 4 288
a 4 43 959
a 43 4 959
a 4 44 336
a 44 4 336
a 4 45 182
a 45 4 182
a 4 49 522
a 49 4 522
a 4 52 370
a 52 4 370
a 4 56 131
a 56 4 131
a 4 57 158
a 57 4 158
a 4 58 656
a 58 4 656
a 4 59 798
a 59 4 798
a 4 60 268
a 60 4 268
a 4 62 817
a 62 4 817
a 4 64 672
a 64 4 672
a 4 65 338
a 65 4 338
a 4 66 866
a 66 4 866
a 4 67 111
a 67 4 111
a 4 69 681
a 69 4 681
a 4 70 801
a 70 4 801
a 4 71 282
a 71 4 282
a 4 73 259
a 73 4 259
a 4 76 479
a 76 4 479
a 4 77 979
a 77 4 979
a 4 78 654
a 78 4 654
a 4 79 349
a 79 4 349
a 4 80 645
a 80 4 645
a 4 86 271
a 86 4 271
a 4 87 641
a 87 4 641
a 4 88 598
a 88 4 598
a 4 89 485
a 89 4 485
a 4 90 915
a 90 4 915
a 4 91 546
a 91 4 546
a 4 92 393
a 92 4 393
a 4 97 631
a 97 4 631
a 4 98 751
a 98 4 751
a 4 99 665
a 99 4 665
a 4 100 278
a 100 4 278
a 5 6 471
a 6 5 471
a 5 7 372
a 7 5 372
a 5 9 227
a 9 5 227
a 5 12 773
a 12 5 773
a 5 13 193
a 13 5 193
a 5 14 365
a 14 5 365
a 5 15 739
a 15 5 739
a 5 17 971
a 17 5 971
a 5 18 106
a 18 5 106
a 5 19 101
a 19 5 101
a 5 21 492
a 21 5 492
a 5 22 282
a 22 5 282
a 5 23 539
a 23 5 539
a 5 25 195
a 25 5 195
a 5 27 103
a 27 5 103
a 5 30 233
a 30 5 233
a 5 31 472
a 31 5 472
a 5 33 657
a 33 5 657
a 5 35 438
a 35 5 438
a 5 36 713
a 36 5 713
a 5 37 909
a 37 5 909
a 5 38 787
a 38 5 787
a 5 41 424
a 41 5 424
a 5 42 796
a 42 5 796
a 5 43 653
a 43 5 653
a 5 45 689
a 45 5 689
a 5 46 899
a 46 5 899
a 5 47 847
a 47 5 847
a 5 48 233
a 48 5 233
a 5 49 113
a 49 5 113
a 5 51 246
a 51 5 246
a 5 52 236
a 52 5 236
a 5 53 822
a 53 5 822
a 5 55 781
a 55 5 781
a 5 56 776
a 56 5 776
a 5 57 734
a 57 5 734
a 5 58 715
a 58 5 715
a 5 59 175
a 59 5 175
a 5 60 523
a 60 5 523
a 5 62 192
a 62 5 192
a 5 63 711
a 63 5 711
a 5 64 170
a 64 5 170
a 5 65 197
a 65 5 197
a 5 66 728
a 66 5 728
a 5 70 275
a 70 5 275
a 5 72 744
a 72 5 744
a 5 73 943
a 73 5 943
a 5 80 409
a 80 5 409
a 5 81 955
a 81 5 955
a 5 84 996
a 84 5 996
a 5 85 853
a 85 5 853
a 5 86 760
a 86 5 760
a 5 87 718
a 87 5 718
a 5 89 173
a 89 5 173
a 5 90 939
a 90 5 939
a 5 94 210
a 94 5 210
a 5 95 996
a 95 5 996
a 5 96 399
a 96 5 399
a 5 99 134
a 99 5 134
a 5 100 234
a 100 5 234
a 6 8 976
a 8 6 976
a 6 9 789
a 9 6 789
a 6 10 570
a 10 6 570
a 6 11 689
a 11 6 689
a 6 13 298
a 13 6 298
a 6 16 629
a 16 6 629
a 6 17 572
a 17 6 572
a 6 19 121
a 19 6 121
a 6 20 741
a 20 6 741
a 6 21 436
a 21 6 436
a 6 22 130
a 22 6 130
a 6 23 202
a 23 6 202
a 6 24 201
a 24 6 201
a 6 26 162
a 26 6 162
a 6 29 623
a 29 6 623
a 6 30 635
a 30 6 635
a 6 31 765
a 31 6 765
a 6 32 927
a 32 6 927
a 6 33 319
a 33 6 319
a 6 35 623
a 35 6 623
a 6 36 421
a 36 6 421
a 6 37 840
a 37 6 840
a 6 40 396
a 40 6 396
a 6 42 563
a 42 6 563
a 6 44 308
a 44 6 308
a 6 45 550
a 45 6 550
a 6 46 630
a 46 6 630
a 6 49 495
a 49 6 495
a 6 52 804
a 52 6 804
a 6 53 406
a 53 6 406
a 6 54 914
a 54 6 914
a 6 55 477
a 55 6 477
a 6 56 777
a 56 6 777
a 6 58 502
a 58 6 502
a 6 60 599
a 60 6 599
a 6 61 912
a 61 6 912
a 6 62 917
a 62 6 917
a 6 63 653
a 63 6 653
a 6 64 347
a 64 6 347
a 6 66 649
a 66 6 649
a 6 67 173
a 67 6 173
a 6 69 856
a 69 6 856
a 6 70 563
a 70 6 563
a 6 71 163
a 71 6 163
a 6 75 195
a 75 6 195
a 6 77 179
a 77 6 179
a 6 78 137
a 78 6 137
a 6 80 257
a 80 6 257
a 6 81 643
a 81 6 643
a 6 83 233
a 83 6 233
a 6 84 443
a 84 6 443
a 6 85 517
a 85 6 517
a 6 89 290
a 89 6 290
a 6 91 361
a 91 6 361
a 6 92 225
a 92 6 225
a 6 94 931
a 94 6 931
a 6 95 633
a 95 6 633
a 6 96 934
a 96 6 934
a 6 97 614
a 97 6 614
a 6 98 232
a 98 6 232
a 7 10 254
a 10 7 254
a 7 11 349
a 11 7 349
a 7 15 450
a 15 7 450
a 7 17 817
a 17 7 817
a 7 18 154
a 18 7 154
a 7 22 605
a 22 7 605
a 7 23 442
a 23 7 442
a 7 25 650
a 25 7 650
a 7 26 369
a 26 7 369
a 7 30 258
a 30 7 258
a 7 31 600
a 31 7 600
a 7 33 455
a 33 7 455
a 7 34 973
a 34 7 973
a 7 35 505
a 35 7 505
a 7 36 946
a 36 7 946
a 7 37 797
a 37 7 797
a 7 39 180
a 39 7 180
a 7 40 130
a 40 7 130
a 7 44 514
a 44 7 514
a 7 45 737
a 45 7 737
a 7 46 845
a 46 7 845
a 7 48 952
a 48 7 952
a 7 49 380
a 49 7 380
a 7 50 482
a 50 7 482
a 7 51 323
a 51 7 323
a 7 52 189
a 52 7 189
a 7 53 861
a 53 7 861
a 7 54 826
a 54 7 826
a 7 55 844
a 55 7 844
a 7 58 622
a 58 7 622
a 7 61 242
a 61 7 242
a 7 63 428
a 63 7 428
a 7 66 931
a 66 7 931
a 7 67 128
a 67 7 128
a 7 68 568
a 68 7 568
a 7 69 911
a 69 7 911
a 7 70 553
a 70 7 553
a 7 71 989
a 71 7 989
a 7 72 352
a 72 7 352
a 7 73 929
a 73 7 929
a 7 75 510
a 75 7 510
a 7 76 347
a 76 7 347
a 7 78 776
a 78 7 776
a 7 79 944
a 79 7 944
a 7 80 745
a 80 7 745
a 7 82 670
a 82 7 670
a 7 85 506
a 85 7 506
a 7 86 286
a 86 7 286
a 7 88 377
a 88 7 377
a 7 89 656
a 89 7 656
a 7 90 342
a 90 7 342
a 7 91 665
a 91 7 665
a 7 93 197
a 93 7 197
a 7 94 762
a 94 7 762
a 7 95 776
a 95 7 776
a 7 98 339
a 98 7 339
a 7 99 900
a 99 7 900
a 8 9 610
a 9 8 610
a 8 11 759
a 11 8 759
a 8 13 935
a 13 8 935
a 8 15 732
a 15 8 732
a 8 16 419
a 16 8 419
a 8 17 777
a 17 8 777
a 8 18 824
a 18 8 824
a 8 19 790
a 19 8 790
a 8 20 960
a 20 8 960
a 8 21 302
a 21 8 302
a 8 22 152
a 22 8 152
a 8 26 466
a 26 8 466
a 8 30 922
a 30 8 922
a 8 31 958
a 31 8 958
a 8 37 673
a 37 8 673
a 8 39 283
a 39 8 283
a 8 40 472
a 40 8 472
a 8 42 377
a 42 8 377
a 8 43 772
a 43 8 772
a 8 44 381
a 44 8 381
a 8 45 721
a 45 8 721
a 8 46 395
a 46 8 395
a 8 47 772
a 47 8 772
a 8 49 141
a 49 8 141
a 8 52 475
a 52 8 475
a 8 53 461
a 53 8 461
a 8 54 406
a 54 8 406
a 8 57 593
a 57 8 593
a 8 58 554
a 58 8 554
a 8 59 846
a 59 8 846
a 8 60 115
a 60 8 115
a 8 61 761
a 61 8 761
a 8 62 580
a 62 8 580
a 8 63 913
a 63 8 913
a 8 64 788
a 64 8 788
a 8 65 318
a 65 8 318
a 8 66 664
a 66 8 664
a 8 68 389
a 68 8 389
a 8 69 323
a 69 8 323
a 8 70 660
a 70 8 660
a 8 71 918
a 71 8 918
a 8 73 875
a 73 8 875
a 8 74 524
a 74 8 524
a 8 76 585
a 76 8 585
a 8 77 270
a 77 8 270
a 8 78 806
a 78 8 806
a 8 79 485
a 79 8 485
a 8 82 631
a 82 8 631
a 8 83 669
a 83 8 669
a 8 84 837
a 84 8 837
a 8 85 179
a 85 8 179
a 8 86 347
a 86 8 347
a 8 88 406
a 88 8 406
a 8 90 513
a 90 8 513
a 8 91 867
a 91 8 867
a 8 92 831
a 92 8 831
a 8 94 585
a 94 8 585
a 8 95 440
a 95 8 440
a 8 96 503
a 96 8 503
a 8 97 841
a 97 8 841
a 8 98 387
a 98 8 387
a 8 99 924
a 99 8 924
a 9 10 253
a 10 9 253
a 9 11 638
a 11 9 638
a 9 12 352
a 12 9 352
a 9 14 333
a 14 9 333
a 9 15 400
a 15 9 400
a 9 17 578
a 17 9 578
a 9 19 258
a 19 9 258
a 9 20 503
a 20 9 503
a 9 21 983
a 21 9 983
a 9 23 220
a 23 9 220
a 9 24 701
a 24 9 701
a 9 25 118
a 25 9 118
a 9 28 723
a 28 9 723
a 9 30 515
a 30 9 515
a 9 37 507
a 37 9 507
a 9 39 303
a 39 9 303
a 9 40 770
a 40 9 770
a 9 41 540
a 41 9 540
a 9 44 300
a 44 9 300
a 9 48 190
a 48 9 190
a 9 49 269
a 49 9 269
a 9 53 562
a 53 9 562
a 9 54 538
a 54 9 538
a 9 55 523
a 55 9 523
a 9 56 226
a 56 9 226
a 9 57 507
a 57 9 507
a 9 58 502
a 58 9 502
a 9 60 203
a 60 9 203
a 9 61 494
a 61 9 494
a 9 63 678
a 63 9 678
a 9 69 372
a 69 9 372
a 9 70 575
a 70 9 575
a 9 71 894
a 71 9 894
a 9 73 448
a 73 9 448
a 9 74 613
a 74 9 613
a 9 76 307
a 76 9 307
a 9 78 297
a 78 9 297
a 9 79 557
a 79 9 557
a 9 80 484
a 80 9 484
a 9 82 810
a 82 9 810
a 9 85 763
a 85 9 763
a 9 86 201
a 86 9 201
a 9 88 873
a 88 9 873
a 9 90 552
a 90 9 552
a 9 91 743
a 91 9 743
a 9 92 619
a 92 9 619
a 9 93 811
a 93 9 811
a 9 94 364
a 94 9 364
a 9 95 736
a 95 9 736
a 9 97 147
a 97 9 147
a 9 99 468
a 99 9 468
a 10 11 134
a 11 10 134
a 10 14 942
a 14 10 942
a 10 15 610
a 15 10 610
a 10 17 296
a 17 10 296
a 10 19 544
a 19 10 544
a 10 20 485
a 20 10 485
a 10 21 404
a 21 10 404
a 10 22 434
a 22 10 434
a 10 23 355
a 23 10 355
a 10 24 600
a 24 10 600
a 10 25 434
a 25 10 434
a 10 29 819
a 29 10 819
a 10 30 878
a 30 10 878
a 10 32 264
a 32 10 264
a 10 36 772
a 36 10 772
a 10 37 763
a 37 10 763
a 10 40 139
a 40 10 139
a 10 41 383
a 41 10 383
a 10 46 717
a 46 10 717
a 10 47 861
a 47 10 861
a 10 48 512
a 48 10 512
a 10 49 710
a 49 10 710
a 10 50 390
a 50 10 390
a 10 53 268
a 53 10 268
a 10 55 586
a 55 10 586
a 10 56 686
a 56 10 686
a 10 58 701
a 58 10 701
a 10 59 318
a 59 10 318
a 10 60 597
a 60 10 597
a 10 61 155
a 61 10 155
a 10 62 268
a 62 10 268
a 10 63 153
a 63 10 153
a 10 64 595
a 64 10 595
a 10 65 569
a 65 10 569
a 10 66 916
a 66 10 916
a 10 67 124
a 67 10 124
a 10 68 611
a 68 10 611
a 10 69 577
a 69 10 577
a 10 72 101
a 72 10 101
a 10 73 257
a 73 10 257
a 10 77 981
a 77 10 981
a 10 78 690
a 78 10 690
a 10 79 734
a 79 10 734
a 10 80 530
a 80 10 530
a 10 82 856
a 82 10 856
a 10 84 460
a 84 10 460
a 10 85 425
a 85 10 425
a 10 86 548
a 86 10 548
a 10 87 608
a 87 10 608
a 10 90 535
a 90 10 535
a 10 91 545
a 91 10 545
a 10 93 312
a 93 10 312
a 10 94 527
a 94 10 527
a 10 98 499
a 98 10 499
a 10 99 346
a 99 10 346
a 10 100 732
a 100 10 732
a 11 12 434
a 12 11 434
a 11 14 729
a 14 11 729
a 11 17 981
a 17 11 981
a 11 18 594
a 18 11 594
a 11 19 270
a 19 11 270
a 11 20 431
a 20 11 431
a 11 21 636
a 21 11 636
a 11 22 548
a 22 11 548
a 11 23 740
a 23 11 740
a 11 25 823
a 25 11 823
a 11 27 177
a 27 11 177
a 11 28 161
a 28 11 161
a 11 29 736
a 29 11 736
a 11 30 996
a 30 11 996
a 11 31 833
a 31 11 833
a 11 33 805
a 33 11 805
a 11 34 652
a 34 11 652
a 11 35 180
a 35 11 180
a 11 36 984
a 36 11 984
a 11 37 947
a 37 11 947
a 11 39 711
a 39 11 711
a 11 40 782
a 40 11 782
a 11 41 577
a 41 11 577
a 11 42 826
a 42 11 826
a 11 43 841
a 43 11 841
a 11 44 771
a 44 11 771
a 11 45 219
a 45 11 219
a 11 46 932
a 46 11 932
a 11 47 490
a 47 11 490
a 11 51 872
a 51 11 872
a 11 52 465
a 52 11 465
a 11 55 661
a 55 11 661
a 11 56 283
a 56 11 283
a 11 57 767
a 57 11 767
a 11 58 648
a 58 11 648
a 11 60 967
a 60 11 967
a 11 61 238
a 61 11 238
a 11 62 461
a 62 11 461
a 11 63 576
a 63 11 576
a 11 64 321
a 64 11 321
a 11 65 909
a 65 11 909
a 11 66 465
a 66 11 465
a 11 68 123
a 68 11 123
a 11 69 547
a 69 11 547
a 11 70 819
a 70 11 819
a 11 71 450
a 71 11 450
a 11 72 798
a 72 11 798
a 11 73 524
a 73 11 524
a 11 74 649
a 74 11 649
a 11 75 777
a 75 11 777
a 11 77 407
a 77 11 407
a 11 78 893
a 78 11 893
a 11 79 833
a 79 11 833
a 11 80 776
a 80 11 776
a 11 82 408
a 82 11 408
a 11 83 949
a 83 11 949
a 11 84 217
a 84 11 217
a 11 85 389
a 85 11 389
a 11 87 848
a 87 11 848
a 11 89 356
a 89 11 356
a 11 90 109
a 90 11 109
a 11 91 456
a 91 11 456
a 11 92 585
a 92 11 585
a 11 94 405
a 94 11 405
a 11 97 426
a 97 11 426
a 11 98 236
a 98 11 236
a 12 13 750
a 13 12 750
a 12 14 225
a 14 12 225
a 12 17 389
a 17 12 389
a 12 18 839
a 18 12 839
a 12 21 130
a 21 12 130
a 12 23 300
a 23 12 300
a 12 25 812
a 25 12 812
a 12 26 248
a 26 12 248
a 12 27 309
a 27 12 309
a 12 28 724
a 28 12 724
a 12 29 644
a 29 12 644
a 12 30 355
a 30 12 355
a 12 31 510
a 31 12 510
a 12 32 114
a 32 12 114
a 12 37 684
a 37 12 684
a 12 38 955
a 38 12 955
a 12 40 989
a 40 12 989
a 12 42 926
a 42 12 926
a 12 45 756
a 45 12 756
a 12 46 555
a 46 12 555
a 12 47 219
a 47 12 219
a 12 48 901
a 48 12 901
a 12 50 641
a 50 12 641
a 12 52 279
a 52 12 279
a 12 53 386
a 53 12 386
a 12 54 705
a 54 12 705
a 12 55 732
a 55 12 732
a 12 56 611
a 56 12 611
a 12 57 674
a 57 12 674
a 12 59 998
a 59 12 998
a 12 60 360
a 60 12 360
a 12 62 761
a 62 12 761
a 12 63 324
a 63 12 324
a 12 65 857
a 65 12 857
a 12 67 857
a 67 12 857
a 12 68 823
a 68 12 823
a 12 69 844
a 69 12 844
a 12 71 222
a 71 12 222
a 12 72 503
a 72 12 503
a 12 73 952
a 73 12 952
a 12 76 880
a 76 12 880
a 12 78 634
a 78 12 634
a 12 79 138
a 79 12 138
a 12 80 765
a 80 12 765
a 12 82 963
a 82 12 963
a 12 88 840
a 88 12 840
a 12 89 372
a 89 12 372
a 12 90 144
a 90 12 144
a 12 91 731
a 91 12 731
a 12 92 380
a 92 12 380
a 12 93 203
a 93 12 203
a 12 97 602
a 97 12 602
a 12 99 473
a 99 12 473
a 12 100 419
a 100 12 419
a 13 14 628
a 14 13 628
a 13 15 321
a 15 13 321
a 13 18 564
a 18 13 564
a 13 20 441
a 20 13 441
a 13 28 763
a 28 13 763
a 13 32 296
a 32 13 296
a 13 33 291
a 33 13 291
a 13 34 620
a 34 13 620
a 13 36 225
a 36 13 225
a 13 38 513
a 38 13 513
a 13 39 206
a 39 13 206
a 13 40 717
a 40 13 717
a 13 42 969
a 42 13 969
a 13 44 427
a 44 13 427
a 13 45 587
a 45 13 587
a 13 46 607
a 46 13 607
a 13 47 680
a 47 13 680
a 13 48 198
a 48 13 198
a 13 49 568
a 49 13 568
a 13 50 437
a 50 13 437
a 13 51 836
a 51 13 836
a 13 54 258
a 54 13 258
a 13 56 748
a 56 13 748
a 13 59 647
a 59 13 647
a 13 60 127
a 60 13 127
a 13 61 860
a 61 13 860
a 13 62 690
a 62 13 690
a 13 63 951
a 63 13 951
a 13 64 714
a 64 13 714
a 13 66 823
a 66 13 823
a 13 67 674
a 67 13 674
a 13 68 148
a 68 13 148
a 13 69 792
a 69 13 792
a 13 70 800
a 70 13 800
a 13 71 230
a 71 13 230
a 13 73 339
a 73 13 339
a 13 74 525
a 74 13 525
a 13 75 204
a 75 13 204
a 13 76 826
a 76 13 826
a 13 80 166
a 80 13 166
a 13 82 793
a 82 13 793
a 13 83 409
a 83 13 409
a 13 84 602
a 84 13 602
a 13 85 995
a 85 13 995
a 13 86 956
a 86 13 956
a 13 88 697
a 88 13 697
a 13 89 875
a 89 13 875
a 13 90 287
a 90 13 287
a 13 91 187
a 91 13 187
a 13 92 133
a 92 13 133
a 13 93 531
a 93 13 531
a 13 94 706
a 94 13 706
a 13 95 862
a 95 13 862
a 13 97 780
a 97 13 780
a 13 99 174
a 99 13 174
a 14 15 865
a 15 14 865
a 14 16 803
a 16 14 803
a 14 17 167
a 17 14 167
a 14 18 626
a 18 14 626
a 14 19 735
a 19 14 735
a 14 21 955
a 21 14 955
a 14 22 246
a 22 14 246
a 14 23 910
a 23 14 910
a 14 24 240
a 24 14 240
a 14 26 835
a 26 14 835
a 14 27 973
a 27 14 973
a 14 28 500
a 28 14 500
a 14 29 435
a 29 14 435
a 14 30 434
a 30 14 434
a 14 31 565
a 31 14 565
a 14 32 871
a 32 14 871
a 14 33 734
a 33 14 734
a 14 35 273
a 35 14 273
a 14 39 981
a 39 14 981
a 14 42 909
a 42 14 909
a 14 43 329
a 43 14 329
a 14 46 676
a 46 14 676
a 14 47 949
a 47 14 949
a 14 48 726
a 48 14 726
a 14 51 665
a 51 14 665
a 14 52 446
a 52 14 446
a 14 53 464
a 53 14 464
a 14 54 106
a 54 14 106
a 14 56 911
a 56 14 911
a 14 57 533
a 57 14 533
a 14 58 140
a 58 14 140
a 14 61 285
a 61 14 285
a 14 62 379
a 62 14 379
a 14 63 732
a 63 14 732
a 14 64 994
a 64 14 994
a 14 65 729
a 65 14 729
a 14 66 891
a 66 14 891
a 14 68 568
a 68 14 568
a 14 69 314
a 69 14 314
a 14 70 152
a 70 14 152
a 14 72 150
a 72 14 150
a 14 74 488
a 74 14 488
a 14 75 792
a 75 14 792
a 14 77 530
a 77 14 530
a 14 79 763
a 79 14 763
a 14 81 561
a 81 14 561
a 14 84 603
a 84 14 603
a 14 85 735
a 85 14 735
a 14 88 918
a 88 14 918
a 14 91 897
a 91 14 897
a 14 95 639
a 95 14 639
a 14 96 615
a 96 14 615
a 14 97 347
a 97 14 347
a 14 98 197
a 98 14 197
a 14 99 989
a 99 14 989
a 15 17 901
a 17 15 901
a 15 18 231
a 18 15 231
a 15 20 933
a 20 15 933
a 15 26 196
a 26 15 196
a 15 27 321
a 27 15 321
a 15 28 213
a 28 15 213
a 15 30 453
a 30 15 453
a 15 31 305
a 31 15 305
a 15 33 821
a 33 15 821
a 15 34 864
a 34 15 864
a 15 35 231
a 35 15 231
a 15 36 773
a 36 15 773
a 15 37 909
a 37 15 909
a 15 39 806
a 39 15 806
a 15 40 187
a 40 15 187
a 15 43 744
a 43 15 744
a 15 47 838
a 47 15 838
a 15 48 220
a 48 15 220
a 15 49 334
a 49 15 334
a 15 50 643
a 50 15 643
a 15 52 877
a 52 15 877
a 15 53 392
a 53 15 392
a 15 55 446
a 55 15 446
a 15 56 639
a 56 15 639
a 15 58 542
a 58 15 542
a 15 59 192
a 59 15 192
a 15 61 544
a 61 15 544
a 15 62 163
a 62 15 163
a 15 63 185
a 63 15 185
a 15 65 679
a 65 15 679
a 15 66 780
a 66 15 780
a 15 67 118
a 67 15 118
a 15 69 893
a 69 15 893
a 15 70 130
a 70 15 130
a 15 71 850
a 71 15 850
a 15 72 151
a 72 15 151
a 15 74 123
a 74 15 123
a 15 75 938
a 75 15 938
a 15 76 155
a 76 15 155
a 15 78 198
a 78 15 198
a 15 79 458
a 79 15 458
a 15 80 750
a 80 15 750
a 15 82 902
a 82 15 902
a 15 83 528
a 83 15 528
a 15 84 855
a 84 15 855
a 15 88 867
a 88 15 867
a 15 89 302
a 89 15 302
a 15 90 309
a 90 15 309
a 15 91 116
a 91 15 116
a 15 92 399
a 92 15 399
a 15 94 354
a 94 15 354
a 15 95 851
a 95 15 851
a 15 96 916
a 96 15 916
a 15 97 276
a 97 15 276
a 15 99 242
a 99 15 242
a 15 100 714
a 100 15 714
a 16 17 452
a 17 16 452
a 16 20 247
a 20 16 247
a 16 21 152
a 21 16 152
a 16 22 795
a 22 16 795
a 16 24 323
a 24 16 323
a 16 25 223
a 25 16 223
a 16 27 498
a 27 16 498
a 16 29 616
a 29 16 616
a 16 30 950
a 30 16 950
a 16 31 582
a 31 16 582
a 16 36 964
a 36 16 964
a 16 40 111
a 40 16 111
a 16 41 161
a 41 16 161
a 16 42 268
a 42 16 268
a 16 44 651
a 44 16 651
a 16 49 379
a 49 16 379
a 16 51 390
a 51 16 390
a 16 52 176
a 52 16 176
a 16 54 760
a 54 16 760
a 16 55 724
a 55 16 724
a 16 56 502
a 56 16 502
a 16 58 780
a 58 16 780
a 16 59 593
a 59 16 593
a 16 60 492
a 60 16 492
a 16 61 522
a 61 16 522
a 16 62 341
a 62 16 341
a 16 63 443
a 63 16 443
a 16 64 292
a 64 16 292
a 16 65 749
a 65 16 749
a 16 66 576
a 66 16 576
a 16 67 362
a 67 16 362
a 16 68 285
a 68 16 285
a 16 70 635
a 70 16 635
a 16 71 941
a 71 16 941
a 16 73 714
a 73 16 714
a 16 74 696
a 74 16 696
a 16 77 641
a 77 16 641
a 16 80 570
a 80 16 570
a 16 81 203
a 81 16 203
a 16 84 422
a 84 16 422
a 16 86 969
a 86 16 969
a 16 87 778
a 87 16 778
a 16 88 640
a 88 16 640
a 16 89 370
a 89 16 370
a 16 91 634
a 91 16 634
a 16 97 331
a 97 16 331
a 16 98 415
a 98 16 415
a 16 99 937
a 99 16 937
a 16 100 666
a 100 16 666
a 17 18 950
a 18 17 950
a 17 20 107
a 20 17 107
a 17 22 186
a 22 17 186
a 17 26 347
a 26 17 347
a 17 27 174
a 27 17 174
a 17 30 985
a 30 17 985
a 17 31 416
a 31 17 416
a 17 36 796
a 36 17 796
a 17 37 285
a 37 17 285
a 17 41 947
a 41 17 947
a 17 43 287
a 43 17 287
a 17 44 670
a 44 17 670
a 17 46 495
a 46 17 495
a 17 48 217
a 48 17 217
a 17 52 538
a 52 17 538
a 17 54 554
a 54 17 554
a 17 55 815
a 55 17 815
a 17 56 803
a 56 17 803
a 17 58 217
a 58 17 217
a 17 62 848
a 62 17 848
a 17 63 978
a 63 17 978
a 17 64 183
a 64 17 183
a 17 65 330
a 65 17 330
a 17 66 654
a 66 17 654
a 17 68 884
a 68 17 884
a 17 69 193
a 69 17 193
a 17 71 603
a 71 17 603
a 17 73 496
a 73 17 496
a 17 74 142
a 74 17 142
a 17 75 314
a 75 17 314
a 17 76 817
a 76 17 817
a 17 77 131
a 77 17 131
a 17 78 554
a 78 17 554
a 17 79 674
a 79 17 674
a 17 81 774
a 81 17 774
a 17 82 321
a 82 17 321
a 17 83 374
a 83 17 374
a 17 85 880
a 85 17 880
a 17 86 780
a 86 17 780
a 17 87 114
a 87 17 114
a 17 88 300
a 88 17 300
a 17 91 671
a 91 17 671
a 17 93 749
a 93 17 749
a 17 95 100
a 95 17 100
a 17 98 256
a 98 17 256
a 17 99 160
a 99 17 160
a 17 100 511
a 100 17 511
a 18 19 305
a 19 18 305
a 18 21 905
a 21 18 905
a 18 23 314
a 23 18 314
a 18 24 418
a 24 18 418
a 18 25 666
a 25 18 666
a 18 26 214
a 26 18 214
a 18 27 792
a 27 18 792
a 18 29 819
a 29 18 819
a 18 30 290
a 30 18 290
a 18 34 282
a 34 18 282
a 18 37 692
a 37 18 692
a 18 38 101
a 38 18 101
a 18 39 484
a 39 18 484
a 18 40 332
a 40 18 332
a 18 42 789
a 42 18 789
a 18 43 801
a 43 18 801
a 18 44 588
a 44 18 588
a 18 45 477
a 45 18 477
a 18 46 754
a 46 18 754
a 18 47 600
a 47 18 600
a 18 48 730
a 48 18 730
a 18 50 166
a 50 18 166
a 18 51 588
a 51 18 588
a 18 52 910
a 52 18 910
a 18 53 954
a 53 18 954
a 18 55 269
a 55 18 269
a 18 56 439
a 56 18 439
a 18 57 373
a 57 18 373
a 18 58 637
a 58 18 637
a 18 60 519
a 60 18 519
a 18 62 105
a 62 18 105
a 18 63 166
a 63 18 166
a 18 64 808
a 64 18 808
a 18 67 894
a 67 18 894
a 18 69 331
a 69 18 331
a 18 70 945
a 70 18 945
a 18 72 532
a 72 18 532
a 18 74 978
a 74 18 978
a 18 75 491
a 75 18 491
a 18 78 768
a 78 18 768
a 18 79 838
a 79 18 838
a 18 81 126
a 81 18 126
a 18 82 362
a 82 18 362
a 18 84 625
a 84 18 625
a 18 85 519
a 85 18 519
a 18 86 209
a 86 18 209
a 18 87 335
a 87 18 335
a 18 88 420
a 88 18 420
a 18 89 879
a 89 18 879
a 18 90 994
a 90 18 994
a 18 92 520
a 92 18 520
a 18 93 176
a 93 18 176
a 18 96 972
a 96 18 972
a 18 97 820
a 97 18 820
a 18 98 442
a 98 18 442
a 18 99 600
a 99 18 600
a 19 20 409
a 20 19 409
a 19 21 343
a 21 19 343
a 19 24 681
a 24 19 681
a 19 25 378
a 25 19 378
a 19 28 763
a 28 19 763
a 19 29 710
a 29 19 710
a 19 31 323
a 31 19 323
a 19 32 758
a 32 19 758
a 19 33 942
a 33 19 942
a 19 37 416
a 37 19 416
a 19 38 789
a 38 19 789
a 19 39 590
a 39 19 590
a 19 40 343
a 40 19 343
a 19 42 493
a 42 19 493
a 19 43 666
a 43 19 666
a 19 44 910
a 44 19 910
a 19 45 341
a 45 19 341
a 19 47 698
a 47 19 698
a 19 48 117
a 48 19 117
a 19 50 822
a 50 19 822
a 19 51 546
a 51 19 546
a 19 54 994
a 54 19 994
a 19 55 612
a 55 19 612
a 19 58 736
a 58 19 736
a 19 60 967
a 60 19 967
a 19 61 852
a 61 19 852
a 19 63 129
a 63 19 129
a 19 65 320
a 65 19 320
a 19 66 637
a 66 19 637
a 19 67 430
a 67 19 430
a 19 68 620
a 68 19 620
a 19 70 688
a 70 19 688
a 19 71 832
a 71 19 832
a 19 73 918
a 73 19 918
a 19 75 479
a 75 19 479
a 19 76 787
a 76 19 787
a 19 78 199
a 78 19 199
a 19 79 942
a 79 19 942
a 19 80 453
a 80 19 453
a 19 83 606
a 83 19 606
a 19 84 284
a 84 19 284
a 19 85 411
a 85 19 411
a 19 86 996
a 86 19 996
a 19 87 668
a 87 19 668
a 19 88 371
a 88 19 371
a 19 89 170
a 89 19 170
a 19 90 841
a 90 19 841
a 19 91 503
a 91 19 503
a 19 92 131
a 92 19 131
a 19 95 712
a 95 19 712
a 19 97 204
a 97 19 204
a 19 98 148
a 98 19 148
a 19 99 822
a 99 19 822
a 19 100 644
a 100 19 644
a 20 22 246
a 22 20 246
a 20 25 498
a 25 20 498
a 20 29 244
a 29 20 244
a 20 30 566
a 30 20 566
a 20 32 582
a 32 20 582
a 20 35 841
a 35 20 841
a 20 36 923
a 36 20 923
a 20 38 802
a 38 20 802
a 20 39 332
a 39 20 332
a 20 41 809
a 41 20 809
a 20 42 400
a 42 20 400
a 20 43 729
a 43 20 729
a 20 44 640
a 44 20 640
a 20 46 108
a 46 20 108
a 20 48 363
a 48 20 363
a 20 49 868
a 49 20 868
a 20 50 192
a 50 20 192
a 20 51 464
a 51 20 464
a 20 55 272
a 55 20 272
a 20 57 170
a 57 20 170
a 20 58 535
a 58 20 535
a 20 59 256
a 59 20 256
a 20 60 177
a 60 20 177
a 20 61 774
a 61 20 774
a 20 63 319
a 63 20 319
a 20 66 681
a 66 20 681
a 20 68 587
a 68 20 587
a 20 70 704
a 70 20 704
a 20 71 244
a 71 20 244
a 20 75 203
a 75 20 203
a 20 76 123
a 76 20 123
a 20 77 611
a 77 20 611
a 20 78 745
a 78 20 745
a 20 79 920
a 79 20 920
a 20 82 611
a 82 20 611
a 20 83 248
a 83 20 248
a 20 84 535
a 84 20 535
a 20 86 268
a 86 20 268
a 20 87 230
a 87 20 230
a 20 88 332
a 88 20 332
a 20 89 236
a 89 20 236
a 20 90 388
a 90 20 388
a 20 91 831
a 91 20 831
a 20 92 198
a 92 20 198
a 20 94 910
a 94 20 910
a 20 96 994
a 96 20 994
a 20 97 528
a 97 20 528
a 20 98 479
a 98 20 479
a 20 99 464
a 99 20 464
a 20 100 121
a 100 20 121
a 21 22 166
a 22 21 166
a 21 23 816
a 23 21 816
a 21 25 989
a 25 21 989
a 21 26 901
a 26 21 901
a 21 27 727
a 27 21 727
a 21 29 490
a 29 21 490
a 21 30 585
a 30 21 585
a 21 36 400
a 36 21 400
a 21 39 566
a 39 21 566
a 21 40 357
a 40 21 357
a 21 41 384
a 41 21 384
a 21 43 389
a 43 21 389
a 21 44 437
a 44 21 437
a 21 45 141
a 45 21 141
a 21 49 670
a 49 21 670
a 21 53 439
a 53 21 439
a 21 54 268
a 54 21 268
a 21 55 493
a 55 21 493
a 21 56 150
a 56 21 150
a 21 57 285
a 57 21 285
a 21 58 108
a 58 21 108
a 21 59 185
a 59 21 185
a 21 60 146
a 60 21 146
a 21 62 305
a 62 21 305
a 21 63 315
a 63 21 315
a 21 64 521
a 64 21 521
a 21 66 633
a 66 21 633
a 21 67 930
a 67 21 930
a 21 69 401
a 69 21 401
a 21 71 655
a 71 21 655
a 21 72 758
a 72 21 758
a 21 78 465
a 78 21 465
a 21 81 734
a 81 21 734
a 21 82 589
a 82 21 589
a 21 83 710
a 83 21 710
a 21 84 726
a 84 21 726
a 21 85 981
a 85 21 981
a 21 86 371
a 86 21 371
a 21 88 164
a 88 21 164
a 21 89 646
a 89 21 646
a 21 91 576
a 91 21 576
a 21 92 798
a 92 21 798
a 21 94 623
a 94 21 623
a 21 96 468
a 96 21 468
a 21 97 893
a 97 21 893
a 21 98 725
a 98 21 725
a 22 23 100
a 23 22 100
a 22 25 871
a 25 22 871
a 22 26 554
a 26 22 554
a 22 28 526
a 28 22 526
a 22 29 744
a 29 22 744
a 22 30 869
a 30 22 869
a 22 32 529
a 32 22 529
a 22 34 266
a 34 22 266
a 22 36 168
a 36 22 168
a 22 38 721
a 38 22 721
a 22 40 436
a 40 22 436
a 22 42 564
a 42 22 564
a 22 43 826
a 43 22 826
a 22 44 290
a 44 22 290
a 22 45 638
a 45 22 638
a 22 46 951
a 46 22 951
a 22 49 945
a 49 22 945
a 22 51 430
a 51 22 430
a 22 52 144
a 52 22 144
a 22 53 515
a 53 22 515
a 22 55 408
a 55 22 408
a 22 57 416
a 57 22 416
a 22 58 240
a 58 22 240
a 22 59 947
a 59 22 947
a 22 60 830
a 60 22 830
a 22 62 219
a 62 22 219
a 22 67 306
a 67 22 306
a 22 68 438
a 68 22 438
a 22 70 377
a 70 22 377
a 22 71 871
a 71 22 871
a 22 72 489
a 72 22 489
a 22 73 152
a 73 22 152
a 22 74 268
a 74 22 268
a 22 75 223
a 75 22 223
a 22 76 828
a 76 22 828
a 22 78 392
a 78 22 392
a 22 79 765
a 79 22 765
a 22 81 411
a 81 22 411
a 22 82 963
a 82 22 963
a 22 85 969
a 85 22 969
a 22 86 821
a 86 22 821
a 22 87 583
a 87 22 583
a 22 89 465
a 89 22 465
a 22 92 730
a 92 22 730
a 22 93 173
a 93 22 173
a 22 94 477
a 94 22 477
a 22 97 254
a 97 22 254
a 22 98 348
a 98 22 348
a 22 99 185
a 99 22 185
a 22 100 255
a 100 22 255
a 23 24 466
a 24 23 466
a 23 26 267
a 26 23 267
a 23 29 715
a 29 23 715
a 23 30 413
a 30 23 413
a 23 31 345
a 31 23 345
a 23 34 719
a 34 23 719
a 23 35 886
a 35 23 886
a 23 36 971
a 36 23 971
a 23 38 514
a 38 23 514
a 23 39 384
a 39 23 384
a 23 41 488
a 41 23 488
a 23 42 520
a 42 23 520
a 23 43 400
a 43 23 400
a 23 44 551
a 44 23 551
a 23 45 860
a 45 23 860
a 23 46 899
a 46 23 899
a 23 48 606
a 48 23 606
a 23 49 428
a 49 23 428
a 23 50 199
a 50 23 199
a 23 51 462
a 51 23 462
a 23 52 443
a 52 23 443
a 23 53 862
a 53 23 862
a 23 54 457
a 54 23 457
a 23 55 837
a 55 23 837
a 23 56 841
a 56 23 841
a 23 58 402
a 58 23 402
a 23 59 616
a 59 23 616
a 23 60 851
a 60 23 851
a 23 61 356
a 61 23 356
a 23 62 835
a 62 23 835
a 23 63 585
a 63 23 585
a 23 64 133
a 64 23 133
a 23 65 198
a 65 23 198
a 23 66 193
a 66 23 193
a 23 67 201
a 67 23 201
a 23 68 784
a 68 23 784
a 23 69 562
a 69 23 562
a 23 70 343
a 70 23 343
a 23 72 584
a 72 23 584
a 23 73 483
a 73 23 483
a 23 75 267
a 75 23 267
a 23 76 893
a 76 23 893
a 23 77 961
a 77 23 961
a 23 78 634
a 78 23 634
a 23 79 688
a 79 23 688
a 23 80 732
a 80 23 732
a 23 81 920
a 81 23 920
a 23 82 474
a 82 23 474
a 23 84 436
a 84 23 436
a 23 87 127
a 87 23 127
a 23 88 490
a 88 23 490
a 23 89 751
a 89 23 751
a 23 92 401
a 92 23 401
a 23 93 211
a 93 23 211
a 23 94 591
a 94 23 591
a 23 95 113
a 95 23 113
a 23 96 669
a 96 23 669
a 23 98 172
a 98 23 172
a 23 99 289
a 99 23 289
a 24 25 106
a 25 24 106
a 24 28 448
a 28 24 448
a 24 29 735
a 29 24 735
a 24 35 939
a 35 24 939
a 24 36 978
a 36 24 978
a 24 38 601
a 38 24 601
a 24 39 821
a 39 24 821
a 24 40 992
a 40 24 992
a 24 41 290
a 41 24 290
a 24 43 388
a 43 24 388
a 24 44 420
a 44 24 420
a 24 45 869
a 45 24 869
a 24 46 348
a 46 24 348
a 24 47 517
a 47 24 517
a 24 49 213
a 49 24 213
a 24 50 883
a 50 24 883
a 24 51 401
a 51 24 401
a 24 52 709
a 52 24 709
a 24 53 336
a 53 24 336
a 24 54 567
a 54 24 567
a 24 55 353
a 55 24 353
a 24 56 855
a 56 24 855
a 24 58 440
a 58 24 440
a 24 61 647
a 61 24 647
a 24 63 119
a 63 24 119
a 24 65 495
a 65 24 495
a 24 67 728
a 67 24 728
a 24 68 368
a 68 24 368
a 24 73 392
a 73 24 392
a 24 77 835
a 77 24 835
a 24 78 436
a 78 24 436
a 24 79 940
a 79 24 940
a 24 82 518
a 82 24 518
a 24 83 356
a 83 24 356
a 24 86 138
a 86 24 138
a 24 88 415
a 88 24 415
a 24 89 897
a 89 24 897
a 24 90 804
a 90 24 804
a 24 92 999
a 92 24 999
a 24 93 220
a 93 24 220
a 24 94 112
a 94 24 112
a 24 95 513
a 95 24 513
a 24 96 281
a 96 24 281
a 24 97 544
a 97 24 544
a 24 98 553
a 98 24 553
a 24 99 726
a 99 24 726
a 25 26 854
a 26 25 854
a 25 27 470
a 27 25 470
a 25 28 572
a 28 25 572
a 25 34 380
a 34 25 380
a 25 35 544
a 35 25 544
a 25 37 132
a 37 25 132
a 25 38 124
a 38 25 124
a 25 40 648
a 40 25 648
a 25 43 888
a 43 25 888
a 25 44 682
a 44 25 682
a 25 46 943
a 46 25 943
a 25 47 490
a 47 25 490
a 25 51 773
a 51 25 773
a 25 54 196
a 54 25 196
a 25 57 434
a 57 25 434
a 25 58 615
a 58 25 615
a 25 59 531
a 59 25 531
a 25 60 791
a 60 25 791
a 25 64 142
a 64 25 142
a 25 65 334
a 65 25 334
a 25 66 659
a 66 25 659
a 25 68 187
a 68 25 187
a 25 70 891
a 70 25 891
a 25 71 569
a 71 25 569
a 25 72 304
a 72 25 304
a 25 74 767
a 74 25 767
a 25 75 535
a 75 25 535
a 25 76 876
a 76 25 876
a 25 77 486
a 77 25 486
a 25 78 810
a 78 25 810
a 25 79 695
a 79 25 695
a 25 80 964
a 80 25 964
a 25 81 172
a 81 25 172
a 25 82 551
a 82 25 551
a 25 83 876
a 83 25 876
a 25 84 687
a 84 25 687
a 25 86 710
a 86 25 710
a 25 88 447
a 88 25 447
a 25 89 481
a 89 25 481
a 25 90 108
a 90 25 108
a 25 91 274
a 91 25 274
a 25 92 236
a 92 25 236
a 25 93 336
a 93 25 336
a 25 94 163
a 94 25 163
a 25 96 778
a 96 25 778
a 25 98 605
a 98 25 605
a 25 99 233
a 99 25 233
a 25 100 111
a 100 25 111
a 26 27 608
a 27 26 608
a 26 28 875
a 28 26 875
a 26 29 735
a 29 26 735
a 26 32 884
a 32 26 884
a 26 35 904
a 35 26 904
a 26 36 101
a 36 26 101
a 26 40 953
a 40 26 953
a 26 41 667
a 41 26 667
a 26 42 920
a 42 26 920
a 26 43 101
a 43 26 101
a 26 45 119
a 45 26 119
a 26 47 447
a 47 26 447
a 26 48 527
a 48 26 527
a 26 49 939
a 49 26 939
a 26 50 789
a 50 26 789
a 26 52 305
a 52 26 305
a 26 53 622
a 53 26 622
a 26 55 436
a 55 26 436
a 26 56 671
a 56 26 671
a 26 57 883
a 57 26 883
a 26 58 913
a 58 26 913
a 26 60 906
a 60 26 906
a 26 61 148
a 61 26 148
a 26 62 161
a 62 26 161
a 26 64 746
a 64 26 746
a 26 66 834
a 66 26 834
a 26 71 234
a 71 26 234
a 26 73 690
a 73 26 690
a 26 74 564
a 74 26 564
a 26 83 680
a 83 26 680
a 26 85 446
a 85 26 446
a 26 86 187
a 86 26 187
a 26 87 978
a 87 26 978
a 26 88 768
a 88 26 768
a 26 89 788
a 89 26 788
a 26 90 564
a 90 26 564
a 26 91 533
a 91 26 533
a 26 92 581
a 92 26 581
a 26 93 402
a 93 26 402
a 26 95 832
a 95 26 832
a 26 96 171
a 96 26 171
a 26 97 711
a 97 26 711
a 26 98 937
a 98 26 937
a 26 99 622
a 99 26 622
a 26 100 824
a 100 26 824
a 27 28 351
a 28 27 351
a 27 29 846
a 29 27 846
a 27 30 402
a 30 27 402
a 27 32 875
a 32 27 875
a 27 33 388
a 33 27 388
a 27 34 747
a 34 27 747
a 27 35 474
a 35 27 474
a 27 36 704
a 36 27 704
a 27 40 650
a 40 27 650
a 27 41 498
a 41 27 498
a 27 42 338
a 42 27 338
a 27 43 411
a 43 27 411
a 27 45 974
a 45 27 974
a 27 47 666
a 47 27 666
a 27 48 859
a 48 27 859
a 27 49 910
a 49 27 910
a 27 50 890
a 50 27 890
a 27 53 773
a 53 27 773
a 27 55 966
a 55 27 966
a 27 57 609
a 57 27 609
a 27 59 466
a 59 27 466
a 27 60 730
a 60 27 730
a 27 61 792
a 61 27 792
a 27 62 842
a 62 27 842
a 27 63 968
a 63 27 968
a 27 64 568
a 64 27 568
a 27 66 291
a 66 27 291
a 27 67 227
a 67 27 227
a 27 69 547
a 69 27 547
a 27 71 989
a 71 27 989
a 27 73 211
a 73 27 211
a 27 75 436
a 75 27 436
a 27 76 369
a 76 27 369
a 27 77 532
a 77 27 532
a 27 78 267
a 78 27 267
a 27 79 704
a 79 27 704
a 27 80 663
a 80 27 663
a 27 82 875
a 82 27 875
a 27 84 824
a 84 27 824
a 27 85 131
a 85 27 131
a 27 87 878
a 87 27 878
a 27 91 199
a 91 27 199
a 27 92 572
a 92 27 572
a 27 93 786
a 93 27 786
a 27 96 145
a 96 27 145
a 27 97 233
a 97 27 233
a 27 98 334
a 98 27 334
a 28 29 862
a 29 28 862
a 28 30 502
a 30 28 502
a 28 31 619
a 31 28 619
a 28 32 442
a 32 28 442
a 28 33 630
a 33 28 630
a 28 36 218
a 36 28 218
a 28 37 213
a 37 28 213
a 28 39 990
a 39 28 990
a 28 44 240
a 44 28 240
a 28 46 357
a 46 28 357
a 28 48 191
a 48 28 191
a 28 50 179
a 50 28 179
a 28 51 512
a 51 28 512
a 28 54 942
a 54 28 942
a 28 57 975
a 57 28 975
a 28 58 685
a 58 28 685
a 28 59 415
a 59 28 415
a 28 60 397
a 60 28 397
a 28 61 746
a 61 28 746
a 28 63 469
a 63 28 469
a 28 66 481
a 66 28 481
a 28 68 674
a 68 28 674
a 28 69 350
a 69 28 350
a 28 70 591
a 70 28 591
a 28 71 580
a 71 28 580
a 28 73 458
a 73 28 458
a 28 74 274
a 74 28 274
a 28 75 413
a 75 28 413
a 28 76 995
a 76 28 995
a 28 78 815
a 78 28 815
a 28 80 766
a 80 28 766
a 28 84 210
a 84 28 210
a 28 85 938
a 85 28 938
a 28 88 118
a 88 28 118
a 28 89 308
a 89 28 308
a 28 90 448
a 90 28 448
a 28 93 288
a 93 28 288
a 28 94 684
a 94 28 684
a 28 95 692
a 95 28 692
a 28 96 468
a 96 28 468
a 28 98 692
a 98 28 692
a 28 99 515
a 99 28 515
a 29 30 422
a 30 29 422
a 29 31 569
a 31 29 569
a 29 33 917
a 33 29 917
a 29 36 706
a 36 29 706
a 29 38 584
a 38 29 584
a 29 39 330
a 39 29 330
a 29 40 604
a 40 29 604
a 29 41 518
a 41 29 518
a 29 42 608
a 42 29 608
a 29 44 136
a 44 29 136
a 29 45 663
a 45 29 663
a 29 47 363
a 47 29 363
a 29 48 509
a 48 29 509
a 29 50 764
a 50 29 764
a 29 52 183
a 52 29 183
a 29 53 336
a 53 29 336
a 29 54 120
a 54 29 120
a 29 57 376
a 57 29 376
a 29 58 206
a 58 29 206
a 29 59 147
a 59 29 147
a 29 61 626
a 61 29 626
a 29 63 947
a 63 29 947
a 29 64 752
a 64 29 752
a 29 67 212
a 67 29 212
a 29 68 700
a 68 29 700
a 29 69 688
a 69 29 688
a 29 70 833
a 70 29 833
a 29 71 216
a 71 29 216
a 29 72 756
a 72 29 756
a 29 73 758
a 73 29 758
a 29 75 132
a 75 29 132
a 29 76 334
a 76 29 334
a 29 77 160
a 77 29 160
a 29 79 262
a 79 29 262
a 29 80 382
a 80 29 382
a 29 82 995
a 82 29 995
a 29 83 723
a 83 29 723
a 29 85 349
a 85 29 349
a 29 86 806
a 86 29 806
a 29 87 364
a 87 29 364
a 29 90 874
a 90 29 874
a 29 92 509
a 92 29 509
a 29 94 479
a 94 29 479
a 29 95 106
a 95 29 106
a 29 97 285
a 97 29 285
a 29 98 604
a 98 29 604
a 29 99 725
a 99 29 725
a 30 31 344
a 31 30 344
a 30 33 691
a 33 30 691
a 30 34 311
a 34 30 311
a 30 35 547
a 35 30 547
a 30 36 571
a 36 30 571
a 30 39 656
a 39 30 656
a 30 40 623
a 40 30 623
a 30 41 835
a 41 30 835
a 30 42 935
a 42 30 935
a 30 43 358
a 43 30 358
a 30 44 593
a 44 30 593
a 30 45 887
a 45 30 887
a 30 47 205
a 47 30 205
a 30 48 828
a 48 30 828
a 30 49 689
a 49 30 689
a 30 50 645
a 50 30 645
a 30 51 863
a 51 30 863
a 30 53 666
a 53 30 666
a 30 54 176
a 54 30 176
a 30 55 727
a 55 30 727
a 30 56 432
a 56 30 432
a 30 57 623
a 57 30 623
a 30 58 137
a 58 30 137
a 30 61 134
a 61 30 134
a 30 63 881
a 63 30 881
a 30 64 213
a 64 30 213
a 30 65 539
a 65 30 539
a 30 67 703
a 67 30 703
a 30 68 675
a 68 30 675
a 30 69 247
a 69 30 247
a 30 71 858
a 71 30 858
a 30 72 807
a 72 30 807
a 30 74 600
a 74 30 600
a 30 75 812
a 75 30 812
a 30 76 234
a 76 30 234
a 30 78 522
a 78 30 522
a 30 79 210
a 79 30 210
a 30 80 926
a 80 30 926
a 30 81 929
a 81 30 929
a 30 82 425
a 82 30 425
a 30 84 365
a 84 30 365
a 30 86 594
a 86 30 594
a 30 87 820
a 87 30 820
a 30 88 336
a 88 30 336
a 30 89 178
a 89 30 178
a 30 91 331
a 91 30 331
a 30 92 192
a 92 30 192
a 30 93 966
a 93 30 966
a 30 95 431
a 95 30 431
a 30 96 738
a 96 30 738
a 30 97 647
a 97 30 647
a 30 100 227
a 100 30 227
a 31 32 893
a 32 31 893
a 31 33 770
a 33 31 770
a 31 35 759
a 35 31 759
a 31 36 748
a 36 31 748
a 31 37 794
a 37 31 794
a 31 38 635
a 38 31 635
a 31 39 541
a 39 31 541
a 31 41 694
a 41 31 694
a 31 43 765
a 43 31 765
a 31 45 915
a 45 31 915
a 31 46 306
a 46 31 306
a 31 48 237
a 48 31 237
a 31 49 467
a 49 31 467
a 31 51 930
a 51 31 930
a 31 52 875
a 52 31 875
a 31 53 172
a 53 31 172
a 31 54 731
a 54 31 731
a 31 55 683
a 55 31 683
a 31 56 603
a 56 31 603
a 31 57 852
a 57 31 852
a 31 58 266
a 58 31 266
a 31 61 755
a 61 31 755
a 31 63 311
a 63 31 311
a 31 64 448
a 64 31 448
a 31 65 581
a 65 31 581
a 31 68 943
a 68 31 943
a 31 69 515
a 69 31 515
a 31 70 706
a 70 31 706
a 31 71 790
a 71 31 790
a 31 75 624
a 75 31 624
a 31 77 253
a 77 31 253
a 31 78 838
a 78 31 838
a 31 79 105
a 79 31 105
a 31 81 532
a 81 31 532
a 31 84 643
a 84 31 643
a 31 85 984
a 85 31 984
a 31 88 972
a 88 31 972
a 31 89 277
a 89 31 277
a 31 93 533
a 93 31 533
a 31 94 553
a 94 31 553
a 31 98 964
a 98 31 964
a 31 99 229
a 99 31 229
a 31 100 768
a 100 31 768
a 32 33 594
a 33 32 594
a 32 38 982
a 38 32 982
a 32 41 120
a 41 32 120
a 32 42 102
a 42 32 102
a 32 43 957
a 43 32 957
a 32 44 932
a 44 32 932
a 32 45 761
a 45 32 761
a 32 51 602
a 51 32 602
a 32 52 157
a 52 32 157
a 32 53 620
a 53 32 620
a 32 54 891
a 54 32 891
a 32 59 718
a 59 32 718
a 32 60 545
a 60 32 545
a 32 63 315
a 63 32 315
a 32 70 842
a 70 32 842
a 32 71 102
a 71 32 102
a 32 72 889
a 72 32 889
a 32 73 144
a 73 32 144
a 32 74 523
a 74 32 523
a 32 75 211
a 75 32 211
a 32 76 519
a 76 32 519
a 32 78 841
a 78 32 841
a 32 80 519
a 80 32 519
a 32 81 245
a 81 32 245
a 32 82 536
a 82 32 536
a 32 83 446
a 83 32 446
a 32 84 734
a 84 32 734
a 32 85 248
a 85 32 248
a 32 87 908
a 87 32 908
a 32 88 280
a 88 32 280
a 32 89 995
a 89 32 995
a 32 90 221
a 90 32 221
a 32 91 629
a 91 32 629
a 32 92 178
a 92 32 178
a 32 93 556
a 93 32 556
a 32 94 829
a 94 32 829
a 32 96 115
a 96 32 115
a 32 98 864
a 98 32 864
a 32 99 882
a 99 32 882
a 32 100 669
a 100 32 669
a 33 35 996
a 35 33 996
a 33 36 511
a 36 33 511
a 33 39 908
a 39 33 908
a 33 40 544
a 40 33 544
a 33 41 788
a 41 33 788
a 33 42 947
a 42 33 947
a 33 44 714
a 44 33 714
a 33 45 497
a 45 33 497
a 33 46 385
a 46 33 385
a 33 52 435
a 52 33 435
a 33 54 636
a 54 33 636
a 33 55 823
a 55 33 823
a 33 56 765
a 56 33 765
a 33 57 653
a 57 33 653
a 33 59 574
a 59 33 574
a 33 60 860
a 60 33 860
a 33 62 430
a 62 33 430
a 33 65 501
a 65 33 501
a 33 68 594
a 68 33 594
a 33 70 907
a 70 33 907
a 33 72 438
a 72 33 438
a 33 73 744
a 73 33 744
a 33 74 751
a 74 33 751
a 33 75 637
a 75 33 637
a 33 78 305
a 78 33 305
a 33 79 482
a 79 33 482
a 33 80 553
a 80 33 553
a 33 81 290
a 81 33 290
a 33 82 702
a 82 33 702
a 33 83 792
a 83 33 792
a 33 85 267
a 85 33 267
a 33 86 801
a 86 33 801
a 33 87 381
a 87 33 381
a 33 88 989
a 88 33 989
a 33 89 828
a 89 33 828
a 33 90 541
a 90 33 541
a 33 92 311
a 92 33 311
a 33 93 271
a 93 33 271
a 33 94 134
a 94 33 134
a 33 96 198
a 96 33 198
a 33 97 561
a 97 33 561
a 33 98 448
a 98 33 448
a 33 99 219
a 99 33 219
a 33 100 361
a 100 33 361
a 34 36 435
a 36 34 435
a 34 39 495
a 39 34 495
a 34 40 970
a 40 34 970
a 34 41 316
a 41 34 316
a 34 42 718
a 42 34 718
a 34 43 520
a 43 34 520
a 34 44 373
a 44 34 373
a 34 45 679
a 45 34 679
a 34 46 932
a 46 34 932
a 34 47 158
a 47 34 158
a 34 48 474
a 48 34 474
a 34 49 601
a 49 34 601
a 34 57 714
a 57 34 714
a 34 58 890
a 58 34 890
a 34 61 463
a 61 34 463
a 34 62 225
a 62 34 225
a 34 63 934
a 63 34 934
a 34 66 621
a 66 34 621
a 34 67 290
a 67 34 290
a 34 68 301
a 68 34 301
a 34 69 796
a 69 34 796
a 34 70 408
a 70 34 408
a 34 71 692
a 71 34 692
a 34 72 705
a 72 34 705
a 34 73 400
a 73 34 400
a 34 74 272
a 74 34 272
a 34 75 383
a 75 34 383
a 34 76 483
a 76 34 483
a 34 77 691
a 77 34 691
a 34 78 159
a 78 34 159
a 34 79 615
a 79 34 615
a 34 80 659
a 80 34 659
a 34 81 766
a 81 34 766
a 34 84 150
a 84 34 150
a 34 85 424
a 85 34 424
a 34 87 702
a 87 34 702
a 34 90 648
a 90 34 648
a 34 94 656
a 94 34 656
a 34 95 753
a 95 34 753
a 34 97 949
a 97 34 949
a 34 99 374
a 99 34 374
a 35 36 357
a 36 35 357
a 35 37 605
a 37 35 605
a 35 38 847
a 38 35 847
a 35 40 241
a 40 35 241
a 35 41 119
a 41 35 119
a 35 42 318
a 42 35 318
a 35 46 860
a 46 35 860
a 35 48 659
a 48 35 659
a 35 49 773
a 49 35 773
a 35 50 552
a 50 35 552
a 35 51 654
a 51 35 654
a 35 52 691
a 52 35 691
a 35 53 526
a 53 35 526
a 35 54 534
a 54 35 534
a 35 58 849
a 58 35 849
a 35 61 146
a 61 35 146
a 35 63 192
a 63 35 192
a 35 64 733
a 64 35 733
a 35 66 186
a 66 35 186
a 35 67 366
a 67 35 366
a 35 68 609
a 68 35 609
a 35 69 383
a 69 35 383
a 35 70 788
a 70 35 788
a 35 71 978
a 71 35 978
a 35 72 852
a 72 35 852
a 35 77 515
a 77 35 515
a 35 78 816
a 78 35 816
a 35 79 425
a 79 35 425
a 35 80 457
a 80 35 457
a 35 81 691
a 81 35 691
a 35 83 211
a 83 35 211
a 35 84 157
a 84 35 157
a 35 85 538
a 85 35 538
a 35 86 229
a 86 35 229
a 35 87 747
a 87 35 747
a 35 89 338
a 89 35 338
a 35 91 824
a 91 35 824
a 35 92 659
a 92 35 659
a 35 94 754
a 94 35 754
a 35 95 773
a 95 35 773
a 35 96 490
a 96 35 490
a 35 98 385
a 98 35 385
a 35 99 755
a 99 35 755
a 35 100 631
a 100 35 631
a 36 37 421
a 37 36 421
a 36 38 499
a 38 36 499
a 36 39 933
a 39 36 933
a 36 43 695
a 43 36 695
a 36 44 706
a 44 36 706
a 36 45 709
a 45 36 709
a 36 46 359
a 46 36 359
a 36 47 169
a 47 36 169
a 36 48 163
a 48 36 163
a 36 53 348
a 53 36 348
a 36 54 771
a 54 36 771
a 36 55 969
a 55 36 969
a 36 56 970
a 56 36 970
a 36 57 518
a 57 36 518
a 36 61 137
a 61 36 137
a 36 64 383
a 64 36 383
a 36 65 820
a 65 36 820
a 36 66 477
a 66 36 477
a 36 69 518
a 69 36 518
a 36 71 348
a 71 36 348
a 36 72 471
a 72 36 471
a 36 74 242
a 74 36 242
a 36 76 534
a 76 36 534
a 36 77 504
a 77 36 504
a 36 79 567
a 79 36 567
a 36 81 102
a 81 36 102
a 36 82 541
a 82 36 541
a 36 84 703
a 84 36 703
a 36 85 710
a 85 36 710
a 36 87 953
a 87 36 953
a 36 90 423
a 90 36 423
a 36 92 475
a 92 36 475
a 36 94 304
a 94 36 304
a 36 95 922
a 95 36 922
a 36 97 327
a 97 36 327
a 36 98 870
a 98 36 870
a 36 100 936
a 100 36 936
a 37 38 238
a 38 37 238
a 37 40 134
a 40 37 134
a 37 41 611
a 41 37 611
a 37 42 213
a 42 37 213
a 37 43 639
a 43 37 639
a 37 45 767
a 45 37 767
a 37 48 861
a 48 37 861
a 37 49 431
a 49 37 431
a 37 50 263
a 50 37 263
a 37 51 154
a 51 37 154
a 37 52 845
a 52 37 845
a 37 57 398
a 57 37 398
a 37 58 441
a 58 37 441
a 37 60 147
a 60 37 147
a 37 61 234
a 61 37 234
a 37 62 877
a 62 37 877
a 37 63 429
a 63 37 429
a 37 64 907
a 64 37 907
a 37 65 973
a 65 37 973
a 37 69 516
a 69 37 516
a 37 70 799
a 70 37 799
a 37 71 685
a 71 37 685
a 37 72 270
a 72 37 270
a 37 73 125
a 73 37 125
a 37 74 532
a 74 37 532
a 37 75 784
a 75 37 784
a 37 77 673
a 77 37 673
a 37 78 694
a 78 37 694
a 37 79 476
a 79 37 476
a 37 80 276
a 80 37 276
a 37 82 897
a 82 37 897
a 37 83 585
a 83 37 585
a 37 84 924
a 84 37 924
a 37 85 200
a 85 37 200
a 37 89 465
a 89 37 465
a 37 90 951
a 90 37 951
a 37 92 797
a 92 37 797
a 37 94 578
a 94 37 578
a 37 95 204
a 95 37 204
a 37 96 767
a 96 37 767
a 37 97 608
a 97 37 608
a 37 98 620
a 98 37 620
a 37 100 318
a 100 37 318
a 38 42 484
a 42 38 484
a 38 44 975
a 44 38 975
a 38 45 563
a 45 38 563
a 38 46 832
a 46 38 832
a 38 48 132
a 48 38 132
a 38 49 872
a 49 38 872
a 38 50 424
a 50 38 424
a 38 51 700
a 51 38 700
a 38 52 779
a 52 38 779
a 38 54 151
a 54 38 151
a 38 55 629
a 55 38 629
a 38 57 854
a 57 38 854
a 38 58 782
a 58 38 782
a 38 59 220
a 59 38 220
a 38 60 117
a 60 38 117
a 38 62 803
a 62 38 803
a 38 63 227
a 63 38 227
a 38 64 128
a 64 38 128
a 38 65 519
a 65 38 519
a 38 66 547
a 66 38 547
a 38 68 946
a 68 38 946
a 38 69 795
a 69 38 795
a 38 70 237
a 70 38 237
a 38 71 415
a 71 38 415
a 38 72 550
a 72 38 550
a 38 74 343
a 74 38 343
a 38 75 274
a 75 38 274
a 38 76 636
a 76 38 636
a 38 77 519
a 77 38 519
a 38 79 928
a 79 38 928
a 38 80 848
a 80 38 848
a 38 82 133
a 82 38 133
a 38 83 960
a 83 38 960
a 38 84 117
a 84 38 117
a 38 86 799
a 86 38 799
a 38 87 697
a 87 38 697
a 38 88 308
a 88 38 308
a 38 90 934
a 90 38 934
a 38 92 637
a 92 38 637
a 38 96 156
a 96 38 156
a 38 97 323
a 97 38 323
a 38 98 634
a 98 38 634
a 38 99 598
a 99 38 598
a 38 100 316
a 100 38 316
a 39 41 717
a 41 39 717
a 39 42 265
a 42 39 265
a 39 43 542
a 43 39 542
a 39 45 551
a 45 39 551
a 39 46 880
a 46 39 880
a 39 48 767
a 48 39 767
a 39 51 257
a 51 39 257
a 39 52 993
a 52 39 993
a 39 53 740
a 53 39 740
a 39 54 288
a 54 39 288
a 39 55 618
a 55 39 618
a 39 56 991
a 56 39 991
a 39 57 714
a 57 39 714
a 39 58 342
a 58 39 342
a 39 60 612
a 60 39 612
a 39 62 448
a 62 39 448
a 39 64 301
a 64 39 301
a 39 65 490
a 65 39 490
a 39 66 755
a 66 39 755
a 39 67 373
a 67 39 373
a 39 69 797
a 69 39 797
a 39 71 142
a 71 39 142
a 39 72 639
a 72 39 639
a 39 74 432
a 74 39 432
a 39 77 573
a 77 39 573
a 39 78 214
a 78 39 214
a 39 80 133
a 80 39 133
a 39 81 877
a 81 39 877
a 39 82 189
a 82 39 189
a 39 83 588
a 83 39 588
a 39 84 437
a 84 39 437
a 39 85 144
a 85 39 144
a 39 86 187
a 86 39 187
a 39 88 744
a 88 39 744
a 39 90 531
a 90 39 531
a 39 91 827
a 91 39 827
a 39 93 694
a 93 39 694
a 39 94 208
a 94 39 208
a 39 96 635
a 96 39 635
a 39 98 399
a 98 39 399
a 39 99 454
a 99 39 454
a 39 100 456
a 100 39 456
a 40 41 895
a 41 40 895
a 40 43 991
a 43 40 991
a 40 45 434
a 45 40 434
a 40 46 750
a 46 40 750
a 40 47 615
a 47 40 615
a 40 48 436
a 48 40 436
a 40 52 228
a 52 40 228
a 40 53 212
a 53 40 212
a 40 54 771
a 54 40 771
a 40 55 884
a 55 40 884
a 40 58 247
a 58 40 247
a 40 59 295
a 59 40 295
a 40 60 288
a 60 40 288
a 40 61 284
a 61 40 284
a 40 62 242
a 62 40 242
a 40 63 923
a 63 40 923
a 40 67 751
a 67 40 751
a 40 68 734
a 68 40 734
a 40 73 829
a 73 40 829
a 40 75 132
a 75 40 132
a 40 76 490
a 76 40 490
a 40 78 450
a 78 40 450
a 40 79 949
a 79 40 949
a 40 80 874
a 80 40 874
a 40 82 515
a 82 40 515
a 40 83 451
a 83 40 451
a 40 84 103
a 84 40 103
a 40 86 354
a 86 40 354
a 40 87 518
a 87 40 518
a 40 88 693
a 88 40 693
a 40 89 703
a 89 40 703
a 40 91 348
a 91 40 348
a 40 92 115
a 92 40 115
a 40 93 984
a 93 40 984
a 40 94 559
a 94 40 559
a 40 95 325
a 95 40 325
a 40 96 894
a 96 40 894
a 40 97 172
a 97 40 172
a 40 99 492
a 99 40 492
a 40 100 275
a 100 40 275
a 41 42 258
a 42 41 258
a 41 44 720
a 44 41 720
a 41 45 736
a 45 41 736
a 41 46 964
a 46 41 964
a 41 49 510
a 49 41 510
a 41 50 505
a 50 41 505
a 41 52 935
a 52 41 935
a 41 53 177
a 53 41 177
a 41 55 630
a 55 41 630
a 41 56 322
a 56 41 322
a 41 58 833
a 58 41 833
a 41 62 795
a 62 41 795
a 41 63 989
a 63 41 989
a 41 64 162
a 64 41 162
a 41 65 437
a 65 41 437
a 41 66 978
a 66 41 978
a 41 67 863
a 67 41 863
a 41 68 287
a 68 41 287
a 41 69 693
a 69 41 693
a 41 70 739
a 70 41 739
a 41 71 264
a 71 41 264
a 41 72 748
a 72 41 748
a 41 73 392
a 73 41 392
a 41 74 138
a 74 41 138
a 41 75 368
a 75 41 368
a 41 76 648
a 76 41 648
a 41 77 153
a 77 41 153
a 41 78 550
a 78 41 550
a 41 81 482
a 81 41 482
a 41 82 578
a 82 41 578
a 41 84 976
a 84 41 976
a 41 85 275
a 85 41 275
a 41 86 962
a 86 41 962
a 41 87 859
a 87 41 859
a 41 88 384
a 88 41 384
a 41 89 671
a 89 41 671
a 41 92 360
a 92 41 360
a 41 94 993
a 94 41 993
a 41 95 823
a 95 41 823
a 41 96 973
a 96 41 973
a 41 97 762
a 97 41 762
a 41 99 273
a 99 41 273
a 41 100 829
a 100 41 829
a 42 43 192
a 43 42 192
a 42 44 648
a 44 42 648
a 42 45 707
a 45 42 707
a 42 46 431
a 46 42 431
a 42 47 758
a 47 42 758
a 42 48 773
a 48 42 773
a 42 49 931
a 49 42 931
a 42 50 617
a 50 42 617
a 42 51 544
a 51 42 544
a 42 52 990
a 52 42 990
a 42 56 279
a 56 42 279
a 42 59 941
a 59 42 941
a 42 62 840
a 62 42 840
a 42 63 438
a 63 42 438
a 42 64 877
a 64 42 877
a 42 67 925
a 67 42 925
a 42 69 199
a 69 42 199
a 42 70 567
a 70 42 567
a 42 71 190
a 71 42 190
a 42 73 357
a 73 42 357
a 42 75 437
a 75 42 437
a 42 76 479
a 76 42 479
a 42 77 148
a 77 42 148
a 42 79 531
a 79 42 531
a 42 80 400
a 80 42 400
a 42 82 824
a 82 42 824
a 42 83 542
a 83 42 542
a 42 84 533
a 84 42 533
a 42 85 308
a 85 42 308
a 42 86 489
a 86 42 489
a 42 88 895
a 88 42 895
a 42 89 428
a 89 42 428
a 42 90 412
a 90 42 412
a 42 91 122
a 91 42 122
a 42 92 787
a 92 42 787
a 42 94 835
a 94 42 835
a 42 95 747
a 95 42 747
a 42 96 635
a 96 42 635
a 42 97 911
a 97 42 911
a 42 98 760
a 98 42 760
a 42 99 128
a 99 42 128
a 42 100 858
a 100 42 858
a 43 47 236
a 47 43 236
a 43 52 320
a 52 43 320
a 43 53 955
a 53 43 955
a 43 54 357
a 54 43 357
a 43 57 658
a 57 43 658
a 43 58 518
a 58 43 518
a 43 59 671
a 59 43 671
a 43 60 709
a 60 43 709
a 43 62 426
a 62 43 426
a 43 63 718
a 63 43 718
a 43 64 794
a 64 43 794
a 43 65 261
a 65 43 261
a 43 68 906
a 68 43 906
a 43 69 323
a 69 43 323
a 43 70 624
a 70 43 624
a 43 71 804
a 71 43 804
a 43 72 983
a 72 43 983
a 43 73 443
a 73 43 443
a 43 74 333
a 74 43 333
a 43 75 291
a 75 43 291
a 43 76 369
a 76 43 369
a 43 77 385
a 77 43 385
a 43 79 809
a 79 43 809
a 43 81 235
a 81 43 235
a 43 83 341
a 83 43 341
a 43 84 770
a 84 43 770
a 43 85 452
a 85 43 452
a 43 86 864
a 86 43 864
a 43 87 973
a 87 43 973
a 43 89 980
a 89 43 980
a 43 90 586
a 90 43 586
a 43 93 575
a 93 43 575
a 43 94 664
a 94 43 664
a 43 95 922
a 95 43 922
a 43 96 987
a 96 43 987
a 43 97 721
a 97 43 721
a 43 98 132
a 98 43 132
a 43 100 280
a 100 43 280
a 44 45 901
a 45 44 901
a 44 47 412
a 47 44 412
a 44 48 168
a 48 44 168
a 44 49 322
a 49 44 322
a 44 50 260
a 50 44 260
a 44 52 818
a 52 44 818
a 44 55 760
a 55 44 760
a 44 57 227
a 57 44 227
a 44 58 491
a 58 44 491
a 44 62 442
a 62 44 442
a 44 65 273
a 65 44 273
a 44 67 387
a 67 44 387
a 44 68 404
a 68 44 404
a 44 70 255
a 70 44 255
a 44 72 114
a 72 44 114
a 44 74 953
a 74 44 953
a 44 75 396
a 75 44 396
a 44 76 486
a 76 44 486
a 44 77 187
a 77 44 187
a 44 78 254
a 78 44 254
a 44 83 130
a 83 44 130
a 44 84 440
a 84 44 440
a 44 85 520
a 85 44 520
a 44 88 300
a 88 44 300
a 44 89 298
a 89 44 298
a 44 90 168
a 90 44 168
a 44 92 361
a 92 44 361
a 44 95 970
a 95 44 970
a 44 98 100
a 98 44 100
a 44 100 597
a 100 44 597
a 45 47 949
a 47 45 949
a 45 50 813
a 50 45 813
a 45 52 396
a 52 45 396
a 45 54 926
a 54 45 926
a 45 55 564
a 55 45 564
a 45 57 424
a 57 45 424
a 45 60 656
a 60 45 656
a 45 61 965
a 61 45 965
a 45 65 509
a 65 45 509
a 45 66 278
a 66 45 278
a 45 67 227
a 67 45 227
a 45 68 864
a 68 45 864
a 45 70 915
a 70 45 915
a 45 71 769
a 71 45 769
a 45 72 501
a 72 45 501
a 45 74 176
a 74 45 176
a 45 75 155
a 75 45 155
a 45 77 506
a 77 45 506
a 45 78 954
a 78 45 954
a 45 81 945
a 81 45 945
a 45 82 425
a 82 45 425
a 45 83 760
a 83 45 760
a 45 86 640
a 86 45 640
a 45 87 653
a 87 45 653
a 45 88 672
a 88 45 672
a 45 89 368
a 89 45 368
a 45 90 373
a 90 45 373
a 45 91 266
a 91 45 266
a 45 92 111
a 92 45 111
a 45 94 294
a 94 45 294
a 45 96 119
a 96 45 119
a 45 97 952
a 97 45 952
a 45 98 333
a 98 45 333
a 45 99 362
a 99 45 362
a 45 100 773
a 100 45 773
a 46 47 146
a 47 46 146
a 46 49 260
a 49 46 260
a 46 51 831
a 51 46 831
a 46 54 315
a 54 46 315
a 46 55 404
a 55 46 404
a 46 56 421
a 56 46 421
a 46 62 553
a 62 46 553
a 46 63 966
a 63 46 966
a 46 64 955
a 64 46 955
a 46 65 356
a 65 46 356
a 46 66 902
a 66 46 902
a 46 67 426
a 67 46 426
a 46 68 863
a 68 46 863
a 46 69 911
a 69 46 911
a 46 71 888
a 71 46 888
a 46 73 859
a 73 46 859
a 46 74 336
a 74 46 336
a 46 76 750
a 76 46 750
a 46 77 868
a 77 46 868
a 46 79 387
a 79 46 387
a 46 80 404
a 80 46 404
a 46 81 645
a 81 46 645
a 46 82 910
a 82 46 910
a 46 83 208
a 83 46 208
a 46 84 298
a 84 46 298
a 46 85 343
a 85 46 343
a 46 86 224
a 86 46 224
a 46 87 163
a 87 46 163
a 46 88 517
a 88 46 517
a 46 89 971
a 89 46 971
a 46 90 558
a 90 46 558
a 46 91 459
a 91 46 459
a 46 92 893
a 92 46 893
a 46 93 857
a 93 46 857
a 46 96 441
a 96 46 441
a 46 98 699
a 98 46 699
a 46 99 789
a 99 46 789
a 46 100 139
a 100 46 139
a 47 49 348
a 49 47 348
a 47 50 783
a 50 47 783
a 47 52 194
a 52 47 194
a 47 53 353
a 53 47 353
a 47 54 718
a 54 47 718
a 47 55 874
a 55 47 874
a 47 56 253
a 56 47 253
a 47 58 639
a 58 47 639
a 47 59 479
a 59 47 479
a 47 61 265
a 61 47 265
a 47 63 277
a 63 47 277
a 47 65 129
a 65 47 129
a 47 66 266
a 66 47 266
a 47 67 448
a 67 47 448
a 47 68 605
a 68 47 605
a 47 69 762
a 69 47 762
a 47 71 987
a 71 47 987
a 47 72 972
a 72 47 972
a 47 73 261
a 73 47 261
a 47 76 854
a 76 47 854
a 47 79 951
a 79 47 951
a 47 80 524
a 80 47 524
a 47 81 489
a 81 47 489
a 47 83 748
a 83 47 748
a 47 85 270
a 85 47 270
a 47 87 162
a 87 47 162
a 47 89 597
a 89 47 597
a 47 90 641
a 90 47 641
a 47 93 571
a 93 47 571
a 47 94 530
a 94 47 530
a 47 95 930
a 95 47 930
a 47 96 153
a 96 47 153
a 47 97 875
a 97 47 875
a 47 98 287
a 98 47 287
a 47 99 988
a 99 47 988
a 47 100 236
a 100 47 236
a 48 49 931
a 49 48 931
a 48 50 477
a 50 48 477
a 48 51 923
a 51 48 923
a 48 52 329
a 52 48 329
a 48 54 228
a 54 48 228
a 48 55 176
a 55 48 176
a 48 56 436
a 56 48 436
a 48 57 541
a 57 48 541
a 48 58 354
a 58 48 354
a 48 59 399
a 59 48 399
a 48 60 952
a 60 48 952
a 48 61 657
a 61 48 657
a 48 62 234
a 62 48 234
a 48 63 950
a 63 48 950
a 48 64 894
a 64 48 894
a 48 65 225
a 65 48 225
a 48 66 500
a 66 48 500
a 48 70 966
a 70 48 966
a 48 71 829
a 71 48 829
a 48 73 718
a 73 48 718
a 48 74 738
a 74 48 738
a 48 75 773
a 75 48 773
a 48 76 416
a 76 48 416
a 48 77 689
a 77 48 689
a 48 78 472
a 78 48 472
a 48 80 832
a 80 48 832
a 48 82 754
a 82 48 754
a 48 83 638
a 83 48 638
a 48 86 381
a 86 48 381
a 48 87 506
a 87 48 506
a 48 88 888
a 88 48 888
a 48 89 227
a 89 48 227
a 48 90 435
a 90 48 435
a 48 92 654
a 92 48 654
a 48 93 398
a 93 48 398
a 48 96 623
a 96 48 623
a 48 97 753
a 97 48 753
a 48 98 881
a 98 48 881
a 48 99 936
a 99 48 936
a 48 100 802
a 100 48 802
a 49 52 240
a 52 49 240
a 49 55 222
a 55 49 222
a 49 56 635
a 56 49 635
a 49 58 572
a 58 49 572
a 49 60 589
a 60 49 589
a 49 61 160
a 61 49 160
a 49 64 509
a 64 49 509
a 49 65 408
a 65 49 408
a 49 67 741
a 67 49 741
a 49 68 567
a 68 49 567
a 49 69 472
a 69 49 472
a 49 71 927
a 71 49 927
a 49 72 328
a 72 49 328
a 49 73 870
a 73 49 870
a 49 74 204
a 74 49 204
a 49 75 621
a 75 49 621
a 49 77 219
a 77 49 219
a 49 78 332
a 78 49 332
a 49 79 696
a 79 49 696
a 49 80 344
a 80 49 344
a 49 81 831
a 81 49 831
a 49 84 457
a 84 49 457
a 49 85 580
a 85 49 580
a 49 88 214
a 88 49 214
a 49 89 849
a 89 49 849
a 49 90 830
a 90 49 830
a 49 91 523
a 91 49 523
a 49 92 342
a 92 49 342
a 49 93 880
a 93 49 880
a 49 94 228
a 94 49 228
a 49 95 196
a 95 49 196
a 49 96 617
a 96 49 617
a 49 97 415
a 97 49 415
a 49 98 683
a 98 49 683
a 49 99 938
a 99 49 938
a 50 51 301
a 51 50 301
a 50 52 564
a 52 50 564
a 50 53 510
a 53 50 510
a 50 54 221
a 54 50 221
a 50 56 232
a 56 50 232
a 50 57 709
a 57 50 709
a 50 58 391
a 58 50 391
a 50 59 687
a 59 50 687
a 50 60 611
a 60 50 611
a 50 62 679
a 62 50 679
a 50 63 282
a 63 50 282
a 50 66 707
a 66 50 707
a 50 67 113
a 67 50 113
a 50 68 343
a 68 50 343
a 50 70 165
a 70 50 165
a 50 72 449
a 72 50 449
a 50 73 303
a 73 50 303
a 50 74 179
a 74 50 179
a 50 75 672
a 75 50 672
a 50 76 952
a 76 50 952
a 50 77 685
a 77 50 685
a 50 78 759
a 78 50 759
a 50 79 384
a 79 50 384
a 50 86 367
a 86 50 367
a 50 87 161
a 87 50 161
a 50 88 622
a 88 50 622
a 50 89 207
a 89 50 207
a 50 92 383
a 92 50 383
a 50 94 186
a 94 50 186
a 50 96 480
a 96 50 480
a 50 97 550
a 97 50 550
a 50 98 821
a 98 50 821
a 50 99 866
a 99 50 866
a 50 100 887
a 100 50 887
a 51 53 624
a 53 51 624
a 51 57 709
a 57 51 709
a 51 58 883
a 58 51 883
a 51 61 754
a 61 51 754
a 51 63 427
a 63 51 427
a 51 64 731
a 64 51 731
a 51 66 195
a 66 51 195
a 51 67 209
a 67 51 209
a 51 70 793
a 70 51 793
a 51 75 769
a 75 51 769
a 51 76 200
a 76 51 200
a 51 77 108
a 77 51 108
a 51 78 676
a 78 51 676
a 51 79 551
a 79 51 551
a 51 80 195
a 80 51 195
a 51 81 131
a 81 51 131
a 51 82 783
a 82 51 783
a 51 83 214
a 83 51 214
a 51 84 849
a 84 51 849
a 51 85 586
a 85 51 586
a 51 86 709
a 86 51 709
a 51 87 524
a 87 51 524
a 51 88 444
a 88 51 444
a 51 89 499
a 89 51 499
a 51 90 198
a 90 51 198
a 51 93 140
a 93 51 140
a 51 94 571
a 94 51 571
a 51 95 244
a 95 51 244
a 51 96 901
a 96 51 901
a 51 97 931
a 97 51 931
a 51 98 864
a 98 51 864
a 51 99 909
a 99 51 909
a 51 100 913
a 100 51 913
a 52 53 708
a 53 52 708
a 52 54 470
a 54 52 470
a 52 56 129
a 56 52 129
a 52 57 585
a 57 52 585
a 52 59 876
a 59 52 876
a 52 60 529
a 60 52 529
a 52 61 329
a 61 52 329
a 52 63 370
a 63 52 370
a 52 64 298
a 64 52 298
a 52 66 882
a 66 52 882
a 52 68 712
a 68 52 712
a 52 69 478
a 69 52 478
a 52 70 921
a 70 52 921
a 52 71 489
a 71 52 489
a 52 72 533
a 72 52 533
a 52 74 529
a 74 52 529
a 52 75 446
a 75 52 446
a 52 76 489
a 76 52 489
a 52 77 151
a 77 52 151
a 52 78 960
a 78 52 960
a 52 82 999
a 82 52 999
a 52 85 120
a 85 52 120
a 52 87 769
a 87 52 769
a 52 88 378
a 88 52 378
a 52 90 811
a 90 52 811
a 52 91 773
a 91 52 773
a 52 92 968
a 92 52 968
a 52 93 993
a 93 52 993
a 52 94 645
a 94 52 645
a 52 95 532
a 95 52 532
a 52 96 747
a 96 52 747
a 52 97 241
a 97 52 241
a 52 98 156
a 98 52 156
a 52 99 920
a 99 52 920
a 52 100 202
a 100 52 202
a 53 55 328
a 55 53 328
a 53 57 197
a 57 53 197
a 53 60 703
a 60 53 703
a 53 63 195
a 63 53 195
a 53 64 702
a 64 53 702
a 53 65 182
a 65 53 182
a 53 66 450
a 66 53 450
a 53 67 745
a 67 53 745
a 53 68 912
a 68 53 912
a 53 69 674
a 69 53 674
a 53 71 657
a 71 53 657
a 53 72 734
a 72 53 734
a 53 74 849
a 74 53 849
a 53 75 569
a 75 53 569
a 53 76 689
a 76 53 689
a 53 78 494
a 78 53 494
a 53 79 212
a 79 53 212
a 53 81 804
a 81 53 804
a 53 82 179
a 82 53 179
a 53 83 327
a 83 53 327
a 53 84 376
a 84 53 376
a 53 85 850
a 85 53 850
a 53 87 458
a 87 53 458
a 53 89 747
a 89 53 747
a 53 90 246
a 90 53 246
a 53 93 625
a 93 53 625
a 53 94 652
a 94 53 652
a 53 95 470
a 95 53 470
a 53 96 662
a 96 53 662
a 53 97 476
a 97 53 476
a 53 98 235
a 98 53 235
a 53 99 918
a 99 53 918
a 53 100 722
a 100 53 722
a 54 57 680
a 57 54 680
a 54 58 280
a 58 54 280
a 54 59 647
a 59 54 647
a 54 60 192
a 60 54 192
a 54 61 951
a 61 54 951
a 54 62 718
a 62 54 718
a 54 63 650
a 63 54 650
a 54 64 716
a 64 54 716
a 54 69 233
a 69 54 233
a 54 71 140
a 71 54 140
a 54 73 915
a 73 54 915
a 54 74 742
a 74 54 742
a 54 75 691
a 75 54 691
a 54 76 967
a 76 54 967
a 54 77 711
a 77 54 711
a 54 78 320
a 78 54 320
a 54 79 270
a 79 54 270
a 54 80 794
a 80 54 794
a 54 81 657
a 81 54 657
a 54 82 663
a 82 54 663
a 54 84 727
a 84 54 727
a 54 85 370
a 85 54 370
a 54 86 787
a 86 54 787
a 54 89 454
a 89 54 454
a 54 90 912
a 90 54 912
a 54 91 766
a 91 54 766
a 54 92 722
a 92 54 722
a 54 93 335
a 93 54 335
a 54 96 744
a 96 54 744
a 54 97 699
a 97 54 699
a 54 98 653
a 98 54 653
a 54 99 787
a 99 54 787
a 54 100 685
a 100 54 685
a 55 57 902
a 57 55 902
a 55 58 743
a 58 55 743
a 55 59 575
a 59 55 575
a 55 61 901
a 61 55 901
a 55 64 619
a 64 55 619
a 55 66 777
a 66 55 777
a 55 67 177
a 67 55 177
a 55 69 257
a 69 55 257
a 55 70 127
a 70 55 127
a 55 71 403
a 71 55 403
a 55 73 384
a 73 55 384
a 55 75 937
a 75 55 937
a 55 76 183
a 76 55 183
a 55 77 847
a 77 55 847
a 55 78 215
a 78 55 215
a 55 79 980
a 79 55 980
a 55 80 811
a 80 55 811
a 55 82 471
a 82 55 471
a 55 83 724
a 83 55 724
a 55 84 872
a 84 55 872
a 55 88 206
a 88 55 206
a 55 89 834
a 89 55 834
a 55 90 652
a 90 55 652
a 55 91 267
a 91 55 267
a 55 93 643
a 93 55 643
a 55 94 387
a 94 55 387
a 55 97 724
a 97 55 724
a 55 98 343
a 98 55 343
a 55 99 338
a 99 55 338
a 55 100 747
a 100 55 747
a 56 57 229
a 57 56 229
a 56 58 270
a 58 56 270
a 56 62 649
a 62 56 649
a 56 63 122
a 63 56 122
a 56 65 338
a 65 56 338
a 56 66 152
a 66 56 152
a 56 67 525
a 67 56 525
a 56 68 797
a 68 56 797
a 56 70 781
a 70 56 781
a 56 71 528
a 71 56 528
a 56 72 153
a 72 56 153
a 56 73 687
a 73 56 687
a 56 74 100
a 74 56 100
a 56 76 719
a 76 56 719
a 56 78 710
a 78 56 710
a 56 80 464
a 80 56 464
a 56 82 289
a 82 56 289
a 56 83 213
a 83 56 213
a 56 84 181
a 84 56 181
a 56 85 620
a 85 56 620
a 56 86 292
a 86 56 292
a 56 87 518
a 87 56 518
a 56 88 907
a 88 56 907
a 56 89 479
a 89 56 479
a 56 91 967
a 91 56 967
a 56 92 329
a 92 56 329
a 56 93 309
a 93 56 309
a 56 94 802
a 94 56 802
a 56 96 510
a 96 56 510
a 56 98 724
a 98 56 724
a 56 100 448
a 100 56 448
a 57 58 219
a 58 57 219
a 57 59 726
a 59 57 726
a 57 60 724
a 60 57 724
a 57 63 329
a 63 57 329
a 57 64 403
a 64 57 403
a 57 66 297
a 66 57 297
a 57 70 240
a 70 57 240
a 57 72 692
a 72 57 692
a 57 73 483
a 73 57 483
a 57 74 356
a 74 57 356
a 57 75 336
a 75 57 336
a 57 76 133
a 76 57 133
a 57 77 199
a 77 57 199
a 57 78 234
a 78 57 234
a 57 80 612
a 80 57 612
a 57 83 875
a 83 57 875
a 57 84 719
a 84 57 719
a 57 89 496
a 89 57 496
a 57 90 252
a 90 57 252
a 57 91 871
a 91 57 871
a 57 92 760
a 92 57 760
a 57 93 110
a 93 57 110
a 57 94 937
a 94 57 937
a 57 95 527
a 95 57 527
a 57 98 465
a 98 57 465
a 57 99 665
a 99 57 665
a 57 100 338
a 100 57 338
a 58 59 628
a 59 58 628
a 58 60 985
a 60 58 985
a 58 61 757
a 61 58 757
a 58 62 412
a 62 58 412
a 58 63 207
a 63 58 207
a 58 65 163
a 65 58 163
a 58 66 728
a 66 58 728
a 58 67 469
a 67 58 469
a 58 71 411
a 71 58 411
a 58 72 271
a 72 58 271
a 58 73 563
a 73 58 563
a 58 75 508
a 75 58 508
a 58 76 517
a 76 58 517
a 58 77 423
a 77 58 423
a 58 78 649
a 78 58 649
a 58 80 400
a 80 58 400
a 58 81 948
a 81 58 948
a 58 83 968
a 83 58 968
a 58 84 728
a 84 58 728
a 58 85 633
a 85 58 633
a 58 86 502
a 86 58 502
a 58 87 436
a 87 58 436
a 58 88 486
a 88 58 486
a 58 90 470
a 90 58 470
a 58 91 870
a 91 58 870
a 58 92 130
a 92 58 130
a 58 94 683
a 94 58 683
a 58 95 418
a 95 58 418
a 58 96 773
a 96 58 773
a 58 99 331
a 99 58 331
a 59 60 132
a 60 59 132
a 59 61 161
a 61 59 161
a 59 62 867
a 62 59 867
a 59 63 940
a 63 59 940
a 59 64 924
a 64 59 924
a 59 65 421
a 65 59 421
a 59 67 816
a 67 59 816
a 59 68 399
a 68 59 399
a 59 70 580
a 70 59 580
a 59 71 155
a 71 59 155
a 59 72 917
a 72 59 917
a 59 73 390
a 73 59 390
a 59 74 132
a 74 59 132
a 59 76 301
a 76 59 301
a 59 77 798
a 77 59 798
a 59 79 629
a 79 59 629
a 59 81 251
a 81 59 251
a 59 82 739
a 82 59 739
a 59 83 585
a 83 59 585
a 59 84 531
a 84 59 531
a 59 85 514
a 85 59 514
a 59 86 600
a 86 59 600
a 59 88 795
a 88 59 795
a 59 89 715
a 89 59 715
a 59 90 125
a 90 59 125
a 59 91 548
a 91 59 548
a 59 92 633
a 92 59 633
a 59 93 719
a 93 59 719
a 59 95 898
a 95 59 898
a 59 96 967
a 96 59 967
a 59 97 677
a 97 59 677
a 59 98 293
a 98 59 293
a 59 99 712
a 99 59 712
a 59 100 130
a 100 59 130
a 60 61 279
a 61 60 279
a 60 62 475
a 62 60 475
a 60 63 136
a 63 60 136
a 60 64 604
a 64 60 604
a 60 65 373
a 65 60 373
a 60 68 541
a 68 60 541
a 60 70 649
a 70 60 649
a 60 71 229
a 71 60 229
a 60 72 115
a 72 60 115
a 60 73 149
a 73 60 149
a 60 75 250
a 75 60 250
a 60 76 942
a 76 60 942
a 60 77 248
a 77 60 248
a 60 78 461
a 78 60 461
a 60 79 603
a 79 60 603
a 60 81 853
a 81 60 853
a 60 82 402
a 82 60 402
a 60 84 928
a 84 60 928
a 60 85 995
a 85 60 995
a 60 86 735
a 86 60 735
a 60 89 659
a 89 60 659
a 60 93 395
a 93 60 395
a 60 94 668
a 94 60 668
a 60 96 315
a 96 60 315
a 60 97 539
a 97 60 539
a 60 98 354
a 98 60 354
a 60 99 393
a 99 60 393
a 60 100 196
a 100 60 196
a 61 62 166
a 62 61 166
a 61 63 120
a 63 61 120
a 61 64 669
a 64 61 669
a 61 65 363
a 65 61 363
a 61 66 968
a 66 61 968
a 61 67 407
a 67 61 407
a 61 68 447
a 68 61 447
a 61 69 155
a 69 61 155
a 61 71 361
a 71 61 361
a 61 72 420
a 72 61 420
a 61 73 612
a 73 61 612
a 61 74 195
a 74 61 195
a 61 76 528
a 76 61 528
a 61 77 390
a 77 61 390
a 61 79 696
a 79 61 696
a 61 80 358
a 80 61 358
a 61 82 479
a 82 61 479
a 61 83 548
a 83 61 548
a 61 85 595
a 85 61 595
a 61 86 201
a 86 61 201
a 61 88 177
a 88 61 177
a 61 89 365
a 89 61 365
a 61 90 519
a 90 61 519
a 61 91 255
a 91 61 255
a 61 92 591
a 92 61 591
a 61 95 569
a 95 61 569
a 61 97 628
a 97 61 628
a 61 98 469
a 98 61 469
a 62 63 966
a 63 62 966
a 62 70 206
a 70 62 206
a 62 71 150
a 71 62 150
a 62 72 475
a 72 62 475
a 62 73 218
a 73 62 218
a 62 74 589
a 74 62 589
a 62 75 532
a 75 62 532
a 62 76 556
a 76 62 556
a 62 77 293
a 77 62 293
a 62 78 610
a 78 62 610
a 62 79 113
a 79 62 113
a 62 80 407
a 80 62 407
a 62 81 467
a 81 62 467
a 62 82 229
a 82 62 229
a 62 83 212
a 83 62 212
a 62 85 671
a 85 62 671
a 62 86 860
a 86 62 860
a 62 88 175
a 88 62 175
a 62 89 278
a 89 62 278
a 62 90 569
a 90 62 569
a 62 91 162
a 91 62 162
a 62 93 213
a 93 62 213
a 62 94 228
a 94 62 228
a 62 95 266
a 95 62 266
a 62 97 667
a 97 62 667
a 62 98 282
a 98 62 282
a 63 64 419
a 64 63 419
a 63 65 785
a 65 63 785
a 63 66 892
a 66 63 892
a 63 67 159
a 67 63 159
a 63 68 593
a 68 63 593
a 63 69 828
a 69 63 828
a 63 71 255
a 71 63 255
a 63 72 140
a 72 63 140
a 63 74 765
a 74 63 765
a 63 77 804
a 77 63 804
a 63 78 323
a 78 63 323
a 63 79 431
a 79 63 431
a 63 81 989
a 81 63 989
a 63 83 111
a 83 63 111
a 63 84 410
a 84 63 410
a 63 85 949
a 85 63 949
a 63 86 998
a 86 63 998
a 63 87 931
a 87 63 931
a 63 89 656
a 89 63 656
a 63 90 750
a 90 63 750
a 63 93 399
a 93 63 399
a 63 94 103
a 94 63 103
a 63 95 369
a 95 63 369
a 63 97 335
a 97 63 335
a 63 98 748
a 98 63 748
a 63 100 555
a 100 63 555
a 64 65 103
a 65 64 103
a 64 67 214
a 67 64 214
a 64 68 362
a 68 64 362
a 64 69 117
a 69 64 117
a 64 72 598
a 72 64 598
a 64 74 604
a 74 64 604
a 64 75 341
a 75 64 341
a 64 77 359
a 77 64 359
a 64 78 989
a 78 64 989
a 64 80 812
a 80 64 812
a 64 81 721
a 81 64 721
a 64 82 931
a 82 64 931
a 64 84 476
a 84 64 476
a 64 85 498
a 85 64 498
a 64 86 368
a 86 64 368
a 64 87 812
a 87 64 812
a 64 88 231
a 88 64 231
a 64 89 809
a 89 64 809
a 64 91 195
a 91 64 195
a 64 92 914
a 92 64 914
a 64 94 122
a 94 64 122
a 64 96 654
a 96 64 654
a 64 97 670
a 97 64 670
a 64 98 831
a 98 64 831
a 64 99 207
a 99 64 207
a 64 100 844
a 100 64 844
a 65 66 598
a 66 65 598
a 65 67 911
a 67 65 911
a 65 68 134
a 68 65 134
a 65 70 517
a 70 65 517
a 65 71 356
a 71 65 356
a 65 72 250
a 72 65 250
a 65 73 586
a 73 65 586
a 65 74 662
a 74 65 662
a 65 75 791
a 75 65 791
a 65 76 136
a 76 65 136
a 65 79 849
a 79 65 849
a 65 80 366
a 80 65 366
a 65 81 455
a 81 65 455
a 65 82 455
a 82 65 455
a 65 83 780
a 83 65 780
a 65 86 745
a 86 65 745
a 65 87 279
a 87 65 279
a 65 89 903
a 89 65 903
a 65 90 485
a 90 65 485
a 65 91 584
a 91 65 584
a 65 92 416
a 92 65 416
a 65 96 253
a 96 65 253
a 65 97 541
a 97 65 541
a 65 99 328
a 99 65 328
a 65 100 647
a 100 65 647
a 66 68 889
a 68 66 889
a 66 69 278
a 69 66 278
a 66 70 256
a 70 66 256
a 66 71 736
a 71 66 736
a 66 72 538
a 72 66 538
a 66 73 229
a 73 66 229
a 66 75 251
a 75 66 251
a 66 77 459
a 77 66 459
a 66 80 792
a 80 66 792
a 66 81 231
a 81 66 231
a 66 85 482
a 85 66 482
a 66 86 569
a 86 66 569
a 66 87 995
a 87 66 995
a 66 88 452
a 88 66 452
a 66 89 702
a 89 66 702
a 66 90 685
a 90 66 685
a 66 91 713
a 91 66 713
a 66 92 872
a 92 66 872
a 66 94 502
a 94 66 502
a 66 95 109
a 95 66 109
a 66 97 809
a 97 66 809
a 66 98 121
a 98 66 121
a 66 99 849
a 99 66 849
a 67 68 266
a 68 67 266
a 67 69 175
a 69 67 175
a 67 72 839
a 72 67 839
a 67 75 916
a 75 67 916
a 67 76 329
a 76 67 329
a 67 77 240
a 77 67 240
a 67 78 377
a 78 67 377
a 67 79 736
a 79 67 736
a 67 80 336
a 80 67 336
a 67 81 855
a 81 67 855
a 67 83 493
a 83 67 493
a 67 85 241
a 85 67 241
a 67 88 161
a 88 67 161
a 67 89 916
a 89 67 916
a 67 93 136
a 93 67 136
a 67 94 769
a 94 67 769
a 67 95 513
a 95 67 513
a 67 96 545
a 96 67 545
a 67 97 567
a 97 67 567
a 67 99 845
a 99 67 845
a 67 100 618
a 100 67 618
a 68 69 725
a 69 68 725
a 68 70 573
a 70 68 573
a 68 71 292
a 71 68 292
a 68 72 189
a 72 68 189
a 68 73 800
a 73 68 800
a 68 74 199
a 74 68 199
a 68 75 389
a 75 68 389
a 68 76 172
a 76 68 172
a 68 77 502
a 77 68 502
a 68 78 661
a 78 68 661
a 68 81 378
a 81 68 378
a 68 82 162
a 82 68 162
a 68 83 368
a 83 68 368
a 68 85 648
a 85 68 648
a 68 86 870
a 86 68 870
a 68 87 304
a 87 68 304
a 68 88 447
a 88 68 447
a 68 89 871
a 89 68 871
a 68 90 126
a 90 68 126
a 68 91 410
a 91 68 410
a 68 92 209
a 92 68 209
a 68 93 611
a 93 68 611
a 68 95 797
a 95 68 797
a 68 96 970
a 96 68 970
a 68 97 620
a 97 68 620
a 68 98 585
a 98 68 585
a 68 100 779
a 100 68 779
a 69 70 843
a 70 69 843
a 69 71 502
a 71 69 502
a 69 72 865
a 72 69 865
a 69 73 529
a 73 69 529
a 69 76 642
a 76 69 642
a 69 78 674
a 78 69 674
a 69 79 351
a 79 69 351
a 69 80 261
a 80 69 261
a 69 81 432
a 81 69 432
a 69 82 737
a 82 69 737
a 69 83 538
a 83 69 538
a 69 84 779
a 84 69 779
a 69 85 621
a 85 69 621
a 69 86 269
a 86 69 269
a 69 87 748
a 87 69 748
a 69 88 835
a 88 69 835
a 69 89 965
a 89 69 965
a 69 91 939
a 91 69 939
a 69 92 888
a 92 69 888
a 69 93 947
a 93 69 947
a 69 94 813
a 94 69 813
a 69 96 536
a 96 69 536
a 69 97 505
a 97 69 505
a 69 98 190
a 98 69 190
a 69 99 675
a 99 69 675
a 69 100 617
a 100 69 617
a 70 73 278
a 73 70 278
a 70 76 774
a 76 70 774
a 70 77 200
a 77 70 200
a 70 79 613
a 79 70 613
a 70 80 137
a 80 70 137
a 70 81 306
a 81 70 306
a 70 82 760
a 82 70 760
a 70 83 226
a 83 70 226
a 70 84 407
a 84 70 407
a 70 85 970
a 85 70 970
a 70 86 105
a 86 70 105
a 70 89 652
a 89 70 652
a 70 90 297
a 90 70 297
a 70 91 323
a 91 70 323
a 70 92 421
a 92 70 421
a 70 95 159
a 95 70 159
a 70 96 513
a 96 70 513
a 70 97 748
a 97 70 748
a 70 98 610
a 98 70 610
a 70 99 222
a 99 70 222
a 70 100 334
a 100 70 334
a 71 72 571
a 72 71 571
a 71 73 261
a 73 71 261
a 71 75 329
a 75 71 329
a 71 76 432
a 76 71 432
a 71 77 527
a 77 71 527
a 71 78 509
a 78 71 509
a 71 80 218
a 80 71 218
a 71 82 511
a 82 71 511
a 71 85 128
a 85 71 128
a 71 88 462
a 88 71 462
a 71 89 989
a 89 71 989
a 71 90 101
a 90 71 101
a 71 93 764
a 93 71 764
a 71 94 667
a 94 71 667
a 71 95 538
a 95 71 538
a 71 96 360
a 96 71 360
a 71 98 935
a 98 71 935
a 71 99 619
a 99 71 619
a 71 100 189
a 100 71 189
a 72 73 453
a 73 72 453
a 72 74 284
a 74 72 284
a 72 75 587
a 75 72 587
a 72 76 459
a 76 72 459
a 72 77 815
a 77 72 815
a 72 79 197
a 79 72 197
a 72 80 750
a 80 72 750
a 72 81 881
a 81 72 881
a 72 82 101
a 82 72 101
a 72 85 952
a 85 72 952
a 72 86 698
a 86 72 698
a 72 88 473
a 88 72 473
a 72 89 256
a 89 72 256
a 72 90 721
a 90 72 721
a 72 91 508
a 91 72 508
a 72 93 186
a 93 72 186
a 72 94 198
a 94 72 198
a 72 95 889
a 95 72 889
a 72 96 551
a 96 72 551
a 72 97 117
a 97 72 117
a 72 98 813
a 98 72 813
a 72 99 242
a 99 72 242
a 72 100 438
a 100 72 438
a 73 74 302
a 74 73 302
a 73 75 626
a 75 73 626
a 73 76 101
a 76 73 101
a 73 77 855
a 77 73 855
a 73 78 147
a 78 73 147
a 73 79 404
a 79 73 404
a 73 80 543
a 80 73 543
a 73 82 517
a 82 73 517
a 73 83 868
a 83 73 868
a 73 84 533
a 84 73 533
a 73 90 162
a 90 73 162
a 73 91 817
a 91 73 817
a 73 92 914
a 92 73 914
a 73 93 593
a 93 73 593
a 73 94 496
a 94 73 496
a 73 95 156
a 95 73 156
a 73 96 726
a 96 73 726
a 73 97 326
a 97 73 326
a 73 98 734
a 98 73 734
a 73 99 276
a 99 73 276
a 73 100 706
a 100 73 706
a 74 75 264
a 75 74 264
a 74 76 713
a 76 74 713
a 74 77 982
a 77 74 982
a 74 79 323
a 79 74 323
a 74 82 768
a 82 74 768
a 74 84 621
a 84 74 621
a 74 85 171
a 85 74 171
a 74 86 188
a 86 74 188
a 74 87 744
a 87 74 744
a 74 88 751
a 88 74 751
a 74 89 779
a 89 74 779
a 74 90 329
a 90 74 329
a 74 91 687
a 91 74 687
a 74 92 550
a 92 74 550
a 74 93 235
a 93 74 235
a 74 94 383
a 94 74 383
a 74 95 408
a 95 74 408
a 74 96 191
a 96 74 191
a 74 97 206
a 97 74 206
a 74 98 735
a 98 74 735
a 74 100 852
a 100 74 852
a 75 76 891
a 76 75 891
a 75 78 256
a 78 75 256
a 75 79 451
a 79 75 451
a 75 80 237
a 80 75 237
a 75 81 840
a 81 75 840
a 75 82 474
a 82 75 474
a 75 83 436
a 83 75 436
a 75 89 861
a 89 75 861
a 75 90 617
a 90 75 617
a 75 91 683
a 91 75 683
a 75 92 852
a 92 75 852
a 75 93 572
a 93 75 572
a 75 94 346
a 94 75 346
a 75 95 537
a 95 75 537
a 75 97 154
a 97 75 154
a 75 99 375
a 99 75 375
a 76 77 567
a 77 76 567
a 76 79 354
a 79 76 354
a 76 83 572
a 83 76 572
a 76 85 714
a 85 76 714
a 76 86 981
a 86 76 981
a 76 87 190
a 87 76 190
a 76 88 998
a 88 76 998
a 76 90 874
a 90 76 874
a 76 91 365
a 91 76 365
a 76 94 136
a 94 76 136
a 76 95 780
a 95 76 780
a 76 96 443
a 96 76 443
a 76 97 542
a 97 76 542
a 76 98 420
a 98 76 420
a 76 99 568
a 99 76 568
a 76 100 952
a 100 76 952
a 77 79 781
a 79 77 781
a 77 80 717
a 80 77 717
a 77 83 636
a 83 77 636
a 77 84 416
a 84 77 416
a 77 85 338
a 85 77 338
a 77 86 957
a 86 77 957
a 77 87 241
a 87 77 241
a 77 88 770
a 88 77 770
a 77 89 158
a 89 77 158
a 77 92 660
a 92 77 660
a 77 93 355
a 93 77 355
a 77 95 687
a 95 77 687
a 77 96 925
a 96 77 925
a 77 97 455
a 97 77 455
a 77 99 623
a 99 77 623
a 78 79 975
a 79 78 975
a 78 80 707
a 80 78 707
a 78 81 301
a 81 78 301
a 78 83 540
a 83 78 540
a 78 89 683
a 89 78 683
a 78 90 379
a 90 78 379
a 78 91 575
a 91 78 575
a 78 95 516
a 95 78 516
a 78 96 112
a 96 78 112
a 78 97 754
a 97 78 754
a 78 98 190
a 98 78 190
a 78 99 341
a 99 78 341
a 78 100 260
a 100 78 260
a 79 82 156
a 82 79 156
a 79 83 244
a 83 79 244
a 79 85 103
a 85 79 103
a 79 86 943
a 86 79 943
a 79 87 117
a 87 79 117
a 79 88 430
a 88 79 430
a 79 89 604
a 89 79 604
a 79 90 350
a 90 79 350
a 79 93 775
a 93 79 775
a 79 94 549
a 94 79 549
a 79 95 192
a 95 79 192
a 79 97 405
a 97 79 405
a 79 98 420
a 98 79 420
a 79 99 535
a 99 79 535
a 80 81 191
a 81 80 191
a 80 82 465
a 82 80 465
a 80 84 644
a 84 80 644
a 80 85 635
a 85 80 635
a 80 86 416
a 86 80 416
a 80 87 313
a 87 80 313
a 80 88 543
a 88 80 543
a 80 89 943
a 89 80 943
a 80 90 513
a 90 80 513
a 80 92 465
a 92 80 465
a 80 94 550
a 94 80 550
a 80 95 780
a 95 80 780
a 80 96 323
a 96 80 323
a 80 97 445
a 97 80 445
a 80 98 499
a 98 80 499
a 80 99 564
a 99 80 564
a 80 100 700
a 100 80 700
a 81 83 229
a 83 81 229
a 81 84 505
a 84 81 505
a 81 86 100
a 86 81 100
a 81 87 327
a 87 81 327
a 81 89 393
a 89 81 393
a 81 90 427
a 90 81 427
a 81 91 597
a 91 81 597
a 81 92 989
a 92 81 989
a 81 93 128
a 93 81 128
a 81 94 914
a 94 81 914
a 81 95 935
a 95 81 935
a 81 96 391
a 96 81 391
a 81 97 621
a 97 81 621
a 81 98 550
a 98 81 550
a 81 100 321
a 100 81 321
a 82 83 596
a 83 82 596
a 82 84 498
a 84 82 498
a 82 85 495
a 85 82 495
a 82 87 307
a 87 82 307
a 82 88 305
a 88 82 305
a 82 89 730
a 89 82 730
a 82 90 345
a 90 82 345
a 82 91 510
a 91 82 510
a 82 92 600
a 92 82 600
a 82 93 357
a 93 82 357
a 82 94 878
a 94 82 878
a 82 95 553
a 95 82 553
a 82 96 373
a 96 82 373
a 82 97 898
a 97 82 898
a 82 99 649
a 99 82 649
a 82 100 363
a 100 82 363
a 83 84 127
a 84 83 127
a 83 85 704
a 85 83 704
a 83 86 459
a 86 83 459
a 83 87 644
a 87 83 644
a 83 88 655
a 88 83 655
a 83 89 525
a 89 83 525
a 83 90 238
a 90 83 238
a 83 91 508
a 91 83 508
a 83 92 815
a 92 83 815
a 83 94 268
a 94 83 268
a 83 96 885
a 96 83 885
a 83 97 834
a 97 83 834
a 83 98 484
a 98 83 484
a 83 99 350
a 99 83 350
a 83 100 940
a 100 83 940
a 84 85 458
a 85 84 458
a 84 87 541
a 87 84 541
a 84 88 322
a 88 84 322
a 84 89 776
a 89 84 776
a 84 90 300
a 90 84 300
a 84 91 596
a 91 84 596
a 84 92 999
a 92 84 999
a 84 93 141
a 93 84 141
a 84 95 181
a 95 84 181
a 84 96 431
a 96 84 431
a 84 97 192
a 97 84 192
a 84 98 558
a 98 84 558
a 84 100 758
a 100 84 758
a 85 86 696
a 86 85 696
a 85 88 539
a 88 85 539
a 85 89 961
a 89 85 961
a 85 90 681
a 90 85 681
a 85 91 602
a 91 85 602
a 85 93 346
a 93 85 346
a 85 94 528
a 94 85 528
a 85 95 221
a 95 85 221
a 85 96 720
a 96 85 720
a 85 97 745
a 97 85 745
a 85 98 985
a 98 85 985
a 85 99 458
a 99 85 458
a 85 100 529
a 100 85 529
a 86 87 361
a 87 86 361
a 86 88 366
a 88 86 366
a 86 91 131
a 91 86 131
a 86 92 681
a 92 86 681
a 86 94 427
a 94 86 427
a 86 95 283
a 95 86 283
a 86 97 669
a 97 86 669
a 86 98 780
a 98 86 780
a 86 99 940
a 99 86 940
a 86 100 122
a 100 86 122
a 87 90 764
a 90 87 764
a 87 91 121
a 91 87 121
a 87 93 578
a 93 87 578
a 87 95 647
a 95 87 647
a 87 99 179
a 99 87 179
a 87 100 693
a 100 87 693
a 88 89 930
a 89 88 930
a 88 90 970
a 90 88 970
a 88 91 213
a 91 88 213
a 88 92 314
a 92 88 314
a 88 93 601
a 93 88 601
a 88 94 604
a 94 88 604
a 88 95 547
a 95 88 547
a 88 96 567
a 96 88 567
a 88 97 186
a 97 88 186
a 88 99 695
a 99 88 695
a 88 100 118
a 100 88 118
a 89 91 815
a 91 89 815
a 89 92 382
a 92 89 382
a 89 94 710
a 94 89 710
a 89 95 308
a 95 89 308
a 89 96 825
a 96 89 825
a 89 97 585
a 97 89 585
a 89 98 783
a 98 89 783
a 89 99 168
a 99 89 168
a 90 91 285
a 91 90 285
a 90 92 529
a 92 90 529
a 90 93 884
a 93 90 884
a 90 94 275
a 94 90 275
a 90 95 169
a 95 90 169
a 90 97 866
a 97 90 866
a 90 99 616
a 99 90 616
a 90 100 760
a 100 90 760
a 91 92 453
a 92 91 453
a 91 93 836
a 93 91 836
a 91 94 126
a 94 91 126
a 91 96 124
a 96 91 124
a 91 97 515
a 97 91 515
a 91 98 210
a 98 91 210
a 91 99 823
a 99 91 823
a 91 100 578
a 100 91 578
a 92 94 358
a 94 92 358
a 92 95 417
a 95 92 417
a 92 96 149
a 96 92 149
a 92 97 994
a 97 92 994
a 92 98 176
a 98 92 176
a 92 99 976
a 99 92 976
a 93 94 437
a 94 93 437
a 93 96 622
a 96 93 622
a 93 97 375
a 97 93 375
a 93 99 514
a 99 93 514
a 93 100 283
a 100 93 283
a 94 96 688
a 96 94 688
a 94 97 589
a 97 94 589
a 94 98 370
a 98 94 370
a 94 99 628
a 99 94 628
a 94 100 474
a 100 94 474
a 95 97 614
a 97 95 614
a 95 98 315
a 98 95 315
a 95 99 132
a 99 95 132
a 95 100 157
a 100 95 157
a 96 97 986
a 97 96 986
a 96 98 898
a 98 96 898
a 96 99 198
a 99 96 198
a 96 100 796
a 100 96 796
a 97 98 253
a 98 97 253
a 97 99 425
a 99 97 425
a 98 99 515
a 99 98 515
a 98 100 291
a 100 98 291
